13.201232671737671 29.0
13.887899398803711 16.0
14.629232168197632 2.0
14.863489389419556 -12.0
15.079301118850708 -19.0
15.269620180130005 -3.0
15.45783543586731 -22.0
15.694865703582764 -5.0
15.92653226852417 -16.0
16.11175513267517 -18.0
16.32009744644165 -21.0
16.56184720993042 -21.0
16.799587726593018 -35.0
17.03980851173401 -18.0
17.268523454666138 -33.0
17.453196048736572 -20.0
17.639355659484863 -53.0
17.832777738571167 -58.0
18.01703429222107 -59.0
18.254778146743774 -21.0
18.439183235168457 -20.0
18.641796350479126 -34.0
18.885478258132935 -19.0
19.130182027816772 -12.0
19.36716318130493 -20.0
19.614227771759033 -10.0
19.856791496276855 -5.0
20.099524974822998 -3.0
20.344356775283813 -27.0
20.582812547683716 -25.0
20.82370090484619 -23.0
21.063493490219116 -21.0
21.314177989959717 -18.0
21.601572036743164 -16.0
21.852083921432495 -17.0
22.082501649856567 -14.0
22.263320207595825 -8.0
22.495500087738037 -5.0
22.699265956878662 -3.0
22.906619787216187 0.0
23.1159405708313 3.0
23.3114492893219 7.0
23.498074769973755 9.0
23.70081377029419 12.0
23.966632843017578 14.0
24.22921109199524 15.0
24.48270058631897 17.0
24.717055797576904 17.0
24.957504510879517 21.0
25.200511932373047 22.0
25.400943994522095 25.0
25.582030057907104 25.0
25.780709266662598 31.0
26.020808935165405 29.0
26.25968289375305 31.0
26.50935697555542 32.0
26.754494190216064 55.0
27.00820517539978 57.0
27.250053882598877 57.0
27.526714324951172 58.0
27.78251004219055 98.0
28.04130983352661 98.0
28.300453424453735 65.0
28.55511999130249 66.0
28.80395746231079 98.0
29.04414415359497 98.0
29.28787398338318 98.0
29.534762144088745 98.0
29.777167320251465 98.0
29.9843533039093 98.0
30.222498655319214 98.0
30.440025091171265 98.0
30.903516054153442 98.0
31.369020462036133 99.0
31.6136257648468 98.0
32.550145626068115 98.0
33.44380283355713 98.0
33.670971155166626 98.0
33.8623788356781 98.0
34.06566286087036 98.0
34.24816846847534 98.0
34.43322825431824 98.0
34.66949796676636 98.0
34.90714979171753 98.0
35.10281562805176 98.0
35.28744125366211 98.0
35.4749858379364 98.0
35.66298151016235 98.0
36.03916907310486 98.0
36.24062204360962 98.0
36.47829747200012 98.0
36.71902108192444 98.0
36.95209884643555 98.0
37.182701110839844 98.0
37.423903465270996 98.0
37.6260941028595 98.0
37.864869832992554 98.0
38.342170000076294 98.0
38.580456495285034 98.0
38.85762119293213 98.0
39.11101245880127 98.0
39.542003870010376 98.0
39.72448682785034 98.0
39.966893434524536 98.0
40.2082781791687 98.0
40.703349113464355 98.0
40.94178605079651 98.0
41.14503049850464 98.0
41.32907509803772 98.0
41.69638514518738 98.0
41.88162159919739 98.0
42.065550804138184 98.0
42.25162315368652 98.0
42.609435081481934 98.0
42.801636695861816 98.0
42.99490809440613 98.0
43.18494486808777 98.0
43.54803490638733 98.0
43.73101735115051 98.0
44.15241479873657 98.0
44.6331045627594 98.0
44.82140350341797 98.0
45.0623881816864 98.0
45.297407388687134 98.0
45.78296613693237 98.0
46.0300087928772 98.0
46.267390966415405 98.0
46.50981640815735 98.0
46.93845319747925 98.0
47.16815757751465 98.0
47.66111707687378 98.0
48.629509925842285 99.0
48.88443899154663 98.0
51.221890926361084 100.0
51.67521142959595 100.0
51.9098744392395 100.0
52.14747762680054 99.0
52.38582396507263 99.0
52.855133056640625 99.0
54.49339437484741 100.0
54.699183225631714 101.0
59.21921253204346 98.0
61.62106204032898 55.0
61.88520884513855 55.0
62.08421778678894 33.0
62.32382082939148 52.0
62.79609179496765 29.0
63.02686405181885 28.0
63.26009559631348 47.0
63.492355823516846 27.0
63.74119281768799 27.0
63.97838521003723 28.0
64.21238160133362 42.0
64.44684910774231 51.0
64.67106294631958 52.0
64.85669326782227 52.0
65.09184408187866 53.0
65.32765126228333 54.0
65.56565165519714 55.0
65.80158638954163 56.0
66.03234839439392 56.0
66.2678496837616 56.0
66.50576138496399 56.0
66.76465630531311 57.0
67.02176332473755 57.0
67.26006865501404 98.0
67.50044369697571 60.0
67.74813604354858 60.0
67.9665174484253 64.0
68.15717554092407 65.0
68.35552048683167 66.0
68.60183787345886 98.0
68.84550762176514 98.0
69.31194925308228 98.0
69.5276288986206 98.0
69.73460865020752 98.0
69.93388867378235 98.0
70.17979335784912 98.0
70.38496708869934 98.0
70.62058019638062 98.0
71.5620973110199 98.0
71.80610775947571 99.0
72.044766664505 99.0
72.9977400302887 99.0
77.56094789505005 99.0
78.94211959838867 98.0
81.83552312850952 98.0
85.68156599998474 99.0
85.92566537857056 102.0
93.32248091697693 96.0
93.5712776184082 96.0
93.80666899681091 96.0
94.29623675346375 97.0
94.53894090652466 96.0
95.35532689094543 95.0
95.55187630653381 95.0
95.80003881454468 94.0
96.03996253013611 94.0
96.26950693130493 94.0
96.51150345802307 95.0
96.75383281707764 94.0
97.17807412147522 88.0
97.59564638137817 84.0
97.83617281913757 83.0
98.05115985870361 82.0
98.2895348072052 81.0
98.77330183982849 78.0
99.02453899383545 76.0
99.25566911697388 75.0
99.49003791809082 75.0
99.95766472816467 73.0
100.42870807647705 55.0
122.22917199134827 57.0
122.48701643943787 59.0
122.78314566612244 60.0
123.03200221061707 61.0
123.28190779685974 61.0
123.7545895576477 63.0
123.99532914161682 65.0
124.23862814903259 63.0
124.47647452354431 67.0
124.73940324783325 69.0
124.97123599052429 70.0
125.19826006889343 72.0
126.15953016281128 78.0
126.34699892997742 78.0
126.53454303741455 77.0
126.72610092163086 76.0
126.91886615753174 75.0
127.15550231933594 78.0
127.39586067199707 77.0
127.63804006576538 78.0
127.89509677886963 77.0
128.15552306175232 76.0
128.40258622169495 77.0
128.6601278781891 76.0
128.9084734916687 76.0
129.10172152519226 77.0
129.30906796455383 77.0
129.54945421218872 75.0
129.75507521629333 76.0
130.01819586753845 77.0
130.237220287323 78.0
130.42268538475037 76.0
130.65383100509644 75.0
130.8487298488617 75.0
131.032954454422 76.0
131.23965406417847 76.0
131.48110270500183 76.0
131.71482229232788 76.0
131.94536137580872 75.0
132.1839485168457 75.0
132.41557359695435 75.0
132.61723947525024 75.0
132.85326671600342 74.0
133.0792441368103 74.0
133.29295587539673 75.0
133.53887605667114 75.0
133.7655839920044 74.0
134.0047242641449 74.0
134.26082611083984 72.0
134.52683448791504 70.0
134.76625323295593 69.0
134.952716588974 67.0
135.14801692962646 67.0
135.3854112625122 65.0
135.6758258342743 65.0
135.94330048561096 65.0
136.21862626075745 64.0
136.4617509841919 64.0
136.64583683013916 62.0
136.89442610740662 61.0
137.15489149093628 59.0
137.40011596679688 58.0
137.64437055587769 55.0
137.90838623046875 45.0
138.13255643844604 44.0
138.39540839195251 37.0
138.64208126068115 49.0
138.89610600471497 35.0
139.1341598033905 38.0
139.3693470954895 20.0
139.570707321167 43.0
139.75179839134216 41.0
139.93587255477905 41.0
140.12340450286865 41.0
140.35756087303162 35.0
140.58875346183777 17.0
140.8337585926056 38.0
141.07680940628052 21.0
141.27082467079163 20.0
141.45407223701477 30.0
141.63647866249084 15.0
141.87723875045776 14.0
142.1114001274109 11.0
142.34457397460938 8.0
142.58133220672607 26.0
143.00225400924683 4.0
143.1930627822876 4.0
143.38309860229492 3.0
143.6402235031128 3.0
143.84824466705322 2.0
144.08185076713562 12.0
144.29712343215942 9.0
144.47946786880493 12.0
144.6669569015503 8.0
144.9092094898224 9.0
145.15244913101196 8.0
145.3855335712433 7.0
145.6283838748932 7.0
145.87195348739624 5.0
146.11177158355713 4.0
146.35402750968933 2.0
146.5915343761444 2.0
146.84865832328796 0.0
147.13368201255798 -1.0
147.3783984184265 -3.0
147.6159701347351 -5.0
147.88484621047974 -6.0
148.14940786361694 -7.0
148.38865733146667 -8.0
148.60635590553284 -10.0
148.8503987789154 -13.0
149.12608218193054 -14.0
149.38045191764832 -18.0
149.61581563949585 -19.0
149.85685515403748 -17.0
150.2477331161499 -19.0
150.56789875030518 -20.0
150.83250045776367 -22.0
151.07246923446655 -22.0
151.31800985336304 -21.0
151.55887603759766 -25.0
151.79627132415771 -21.0
152.0344614982605 -24.0
152.22199130058289 -24.0
152.45551180839539 -25.0
152.71767497062683 -24.0
195.11418461799622 70.0
195.35098481178284 69.0
195.584655046463 69.0
196.50748014450073 70.0
196.6971755027771 70.0
196.9835901260376 66.0
197.24322652816772 71.0
197.4821605682373 62.0
197.72707724571228 69.0
197.97478723526 71.0
198.225923538208 62.0
198.4698522090912 65.0
198.70954751968384 67.0
198.9460961818695 62.0
199.1824414730072 68.0
199.42342686653137 60.0
199.70120668411255 60.0
199.95664477348328 60.0
200.17220544815063 60.0
200.38012027740479 58.0
200.63388419151306 58.0
200.86659812927246 56.0
201.12114787101746 57.0
201.37385892868042 59.0
201.60885310173035 58.0
201.7996563911438 60.0
202.04005599021912 56.0
202.26193976402283 57.0
202.4915623664856 57.0
202.72491073608398 57.0
202.96708583831787 57.0
203.20415687561035 55.0
203.43790769577026 56.0
203.67666816711426 57.0
203.95368123054504 56.0
204.4108681678772 56.0
204.72342896461487 54.0
205.04742527008057 52.0
205.31490421295166 51.0
205.56261444091797 50.0
205.80127453804016 48.0
206.05216073989868 48.0
206.30893445014954 45.0
206.54930210113525 44.0
206.78633737564087 46.0
207.0088596343994 49.0
207.4344289302826 45.0
207.69132328033447 47.0
207.9244339466095 45.0
208.16591429710388 46.0
208.38792514801025 29.0
208.63028168678284 48.0
208.86943769454956 46.0
209.13188195228577 46.0
209.37219715118408 47.0
209.59989142417908 51.0
209.79211235046387 47.0
210.01273560523987 47.0
210.25141763687134 48.0
210.4878339767456 48.0
210.7151129245758 51.0
210.96083188056946 52.0
211.18998670578003 52.0
211.4234721660614 52.0
211.66025567054749 52.0
211.95097541809082 53.0
212.2094829082489 53.0
212.45511317253113 54.0
212.7127194404602 52.0
212.95594573020935 53.0
213.19730257987976 62.0
213.44013094902039 55.0
213.68386006355286 67.0
214.0653533935547 68.0
214.49625492095947 68.0
214.9698977470398 69.0
215.30222988128662 72.0
215.49344778060913 72.0
215.69147777557373 73.0
215.89841151237488 73.0
216.1456880569458 74.0
216.40844988822937 75.0
216.6510148048401 76.0
216.8804841041565 77.0
217.10116052627563 77.0
217.3726327419281 77.0
217.64751815795898 77.0
217.90471863746643 79.0
218.1647458076477 78.0
218.4417712688446 79.0
218.68807888031006 78.0
218.89212942123413 79.0
219.14085340499878 79.0
219.38119411468506 78.0
219.6010959148407 82.0
219.81496405601501 80.0
220.07228088378906 84.0
220.311767578125 85.0
220.51244854927063 86.0
220.6997344493866 88.0
220.88313126564026 89.0
221.1383934020996 91.0
221.39102435112 92.0
221.78010845184326 93.0
222.24882245063782 96.0
222.48528909683228 97.0
222.72724318504333 83.0
222.97845268249512 87.0
223.4454345703125 88.0
223.70210146903992 100.0
238.39958930015564 34.0
238.8328492641449 46.0
239.07709860801697 46.0
239.3291425704956 44.0
239.556312084198 44.0
239.81971645355225 44.0
240.07500505447388 45.0
240.31824278831482 42.0
240.53275275230408 43.0
240.79383754730225 41.0
241.06065678596497 39.0
241.3100962638855 43.0
241.49958157539368 39.0
241.69363856315613 40.0
241.94419717788696 38.0
242.21376609802246 40.0
242.4407422542572 43.0
242.6781780719757 40.0
242.89951968193054 39.0
243.1462070941925 42.0
243.37753081321716 42.0
243.56625199317932 40.0
243.80911016464233 38.0
244.05308055877686 41.0
244.29128313064575 41.0
244.54066944122314 39.0
244.77714204788208 42.0
245.02291011810303 43.0
245.24809050559998 43.0
245.48847770690918 43.0
245.71408104896545 44.0
245.898015499115 43.0
246.15850520133972 45.0
246.37578916549683 45.0
246.6972632408142 43.0
246.93317246437073 42.0
247.17385077476501 45.0
247.38450932502747 46.0
247.62020754814148 42.0
247.85568523406982 44.0
248.0894706249237 46.0
248.34324550628662 45.0
248.57524871826172 47.0
248.8111970424652 47.0
249.05139017105103 47.0
249.28429007530212 47.0
249.5269467830658 47.0
249.77433109283447 44.0
249.9914047718048 44.0
250.17553758621216 44.0
250.36764073371887 44.0
250.57577776908875 48.0
250.75806975364685 44.0
250.9968650341034 45.0
251.24243021011353 45.0
251.46398663520813 46.0
251.70434021949768 48.0
251.94347429275513 47.0
252.1871554851532 48.0
252.41780734062195 48.0
252.6059730052948 49.0
252.84409713745117 50.0
253.08126997947693 49.0
253.31787204742432 50.0
253.56110548973083 50.0
253.79203486442566 50.0
254.03061628341675 50.0
254.2687873840332 55.0
254.5192322731018 53.0
254.76009583473206 52.0
255.0045440196991 53.0
255.24411177635193 48.0
255.47947597503662 53.0
255.66171288490295 50.0
255.871502161026 49.0
256.1131160259247 48.0
256.29917669296265 52.0
256.49596643447876 48.0
256.74234890937805 49.0
256.991003036499 48.0
257.19288778305054 49.0
257.37572050094604 51.0
257.5828778743744 49.0
257.8300597667694 47.0
258.0711987018585 47.0
258.31220173835754 48.0
258.55704140663147 52.0
258.73710799217224 51.0
258.9406564235687 50.0
259.18272852897644 50.0
259.42466020584106 49.0
259.6551308631897 52.0
259.903112411499 48.0
260.1556758880615 48.0
260.43510484695435 48.0
260.6909053325653 52.0
260.9358994960785 55.0
261.16866660118103 50.0
261.42367124557495 49.0
261.6705229282379 49.0
261.8697204589844 50.0
262.1103162765503 50.0
262.3681151866913 47.0
262.6433119773865 47.0
262.8895642757416 46.0
263.16045808792114 46.0
263.43447375297546 47.0
263.68435072898865 47.0
263.93166518211365 48.0
264.18650460243225 46.0
264.4428868293762 45.0
264.7124967575073 47.0
264.9603476524353 47.0
265.19848918914795 48.0
265.43121361732483 49.0
265.71294498443604 48.0
265.994398355484 50.0
266.2442774772644 46.0
266.4309649467468 47.0
266.6729967594147 47.0
266.91073870658875 47.0
267.18081402778625 50.0
267.42237758636475 47.0
267.65975689888 47.0
267.8846890926361 48.0
268.1522545814514 47.0
268.4110367298126 52.0
268.6509041786194 49.0
268.8579545021057 45.0
269.10763716697693 48.0
269.34706711769104 54.0
269.58581948280334 57.0
269.828195810318 60.0
270.02381324768066 60.0
270.2133662700653 60.0
270.3959991931915 63.0
270.6194221973419 67.0
270.8168144226074 66.0
271.06645131111145 68.0
271.3007822036743 70.0
271.5497624874115 70.0
271.7897295951843 72.0
272.0108389854431 74.0
272.22304368019104 77.0
272.4076898097992 79.0
272.6126985549927 80.0
272.85064673423767 82.0
273.094544172287 88.0
273.3345229625702 84.0
273.54545402526855 86.0
273.7819142341614 87.0
274.03065252304077 90.0
274.2716691493988 91.0
274.51263642311096 93.0
274.75411558151245 94.0
274.99284386634827 97.0
275.431499004364 95.0
275.64655089378357 95.0
275.83253026008606 96.0
276.0239408016205 96.0
276.4061291217804 95.0
276.64655232429504 95.0
276.8852005004883 95.0
277.36458110809326 95.0
277.6087417602539 95.0
277.84325432777405 95.0
278.27724981307983 100.0
300.6066863536835 96.0
300.8480610847473 93.0
301.10065484046936 89.0
301.6319453716278 78.0
301.8647632598877 74.0
302.10502338409424 70.0
302.37099385261536 68.0
302.6098802089691 57.0
302.8152611255646 53.0
303.060996055603 45.0
303.3040933609009 46.0
303.503741979599 19.0
303.723242521286 15.0
303.9114441871643 -5.0
304.14629435539246 -24.0
304.3446054458618 -31.0
304.54351139068604 -10.0
304.73225831985474 -6.0
304.9695773124695 -6.0
305.20556688308716 -3.0
305.45600295066833 -3.0
305.7039313316345 -3.0
305.95647621154785 -4.0
306.1899039745331 -3.0
306.4500913619995 -4.0
306.71745014190674 -4.0
306.99951124191284 -2.0
307.2384202480316 -10.0
307.4812135696411 -2.0
307.72878336906433 -2.0
307.95852613449097 -2.0
308.22026777267456 -1.0
308.43156123161316 -24.0
308.61779832839966 3.0
308.8431794643402 4.0
309.04119062423706 4.0
309.2780776023865 3.0
309.5160093307495 -19.0
309.7224872112274 2.0
309.918660402298 1.0
310.10690569877625 0.0
310.3394241333008 -1.0
310.5663402080536 3.0
310.82799911499023 -3.0
311.2052149772644 -3.0
311.4188141822815 -4.0
311.675021648407 -6.0
311.9220805168152 -7.0
312.23071694374084 -12.0
312.48878026008606 -13.0
312.71319603919983 -12.0
312.95296144485474 -16.0
313.40127825737 -18.0
313.63361501693726 -18.0
313.85386991500854 -20.0
314.1191530227661 -20.0
330.2053997516632 -83.0
330.67150354385376 -83.0
330.8993446826935 -84.0
331.33448362350464 -83.0
331.5442535877228 -85.0
331.81598925590515 -84.0
332.08271050453186 -84.0
332.797500371933 -84.0
333.28184390068054 -84.0
333.5201253890991 -84.0
333.772479057312 -85.0
334.2996690273285 -85.0
334.5509076118469 -85.0
335.0551567077637 -85.0
335.3335072994232 -85.0
335.6131851673126 -85.0
335.8689384460449 -85.0
336.63660764694214 -84.0
336.9109399318695 -84.0
337.1761510372162 -84.0
337.37078833580017 -84.0
337.62196135520935 -84.0
337.8703079223633 -84.0
338.11485409736633 -84.0
338.3739798069 -83.0
338.8960361480713 -84.0
339.17446780204773 -83.0
339.4364573955536 -83.0
339.6710274219513 -83.0
340.1435854434967 -83.0
340.4205491542816 -83.0
340.6507046222687 -83.0
341.31388545036316 -82.0
341.5540919303894 -82.0
345.50689029693604 -79.0
345.9065818786621 -79.0
346.1765327453613 -80.0
346.44950795173645 -80.0
346.70359444618225 -79.0
347.26076006889343 -80.0
347.50805830955505 -80.0
347.7873685359955 -80.0
348.0538740158081 -81.0
348.5339105129242 -80.0
348.7732779979706 -80.0
349.04862809181213 -81.0
349.3119673728943 -81.0
349.71760654449463 -81.0
349.9067265987396 -81.0
350.14755606651306 -81.0
350.40818762779236 -81.0
352.35556507110596 -80.0
353.2821681499481 -80.0
354.79054021835327 -80.0
355.0544831752777 -80.0
355.7967703342438 -81.0
356.04768538475037 -80.0
360.6500723361969 -81.0
363.6568994522095 -80.0
364.7961196899414 -81.0
790.050078868866 -81.0
892.8422348499298 -81.0
893.7536513805389 -81.0
894.1316134929657 -83.0
894.7998447418213 -83.0
903.2849876880646 -81.0
904.2002518177032 -82.0
905.4434628486633 -80.0
905.7053372859955 -80.0
906.2329699993134 -80.0
906.759726524353 -80.0
908.0126221179962 -80.0
908.2191174030304 -79.0
911.3791651725769 -80.0
912.5249724388123 -80.0
912.7591242790222 -81.0
912.9414851665497 -81.0
914.2163815498352 -82.0
914.4510383605957 -81.0
914.6869597434998 -81.0
914.9226911067963 -82.0
915.3898236751556 -82.0
915.6264550685883 -83.0
915.8313894271851 -82.0
916.0672187805176 -82.0
916.2467262744904 -80.0
916.4315929412842 -81.0
916.668416261673 -81.0
916.9013690948486 -81.0
917.1352820396423 -81.0
917.3680942058563 -81.0
917.558324098587 -81.0
917.7773101329803 -82.0
917.9582757949829 -82.0
918.1398980617523 -82.0
918.3300642967224 -82.0
918.519781589508 -82.0
918.7379622459412 -82.0
918.9640109539032 -83.0
919.2017345428467 -83.0
919.4328398704529 -82.0
919.6601719856262 -82.0
919.8874905109406 -83.0
920.1173233985901 -82.0
920.3457753658295 -82.0
920.8039441108704 -83.0
921.0402081012726 -83.0
921.2722134590149 -82.0
921.5206913948059 -82.0
921.7610809803009 -82.0
921.9878780841827 -82.0
922.2280366420746 -84.0
922.4692327976227 -83.0
923.1516661643982 -86.0
923.861750125885 -83.0
929.1624717712402 -63.0
929.3473117351532 -62.0
929.594969034195 -57.0
929.833637714386 -57.0
930.0250685214996 -56.0
930.4023654460907 -50.0
930.6409211158752 -33.0
930.8827369213104 -29.0
931.1140291690826 -28.0
931.3455755710602 -27.0
931.5737550258636 -24.0
931.8062450885773 -25.0
932.0326182842255 -22.0
932.2650263309479 -26.0
932.4951093196869 -27.0
932.7217462062836 -29.0
932.9523630142212 -30.0
933.1810538768768 -29.0
933.4170141220093 -28.0
933.6451661586761 -29.0
933.872909784317 -29.0
934.1015045642853 -29.0
934.3392992019653 -28.0
934.5917949676514 -29.0
934.8310017585754 -28.0
935.0311036109924 -27.0
935.2147603034973 -27.0
935.3996200561523 -28.0
935.5791611671448 -28.0
935.8161408901215 -27.0
936.0547459125519 -26.0
936.2874569892883 -27.0
936.4826421737671 -26.0
936.6883206367493 -26.0
936.9132277965546 -25.0
937.0994415283203 -25.0
937.2804470062256 -27.0
937.4630696773529 -26.0
937.6459605693817 -24.0
937.8741657733917 -25.0
938.0567619800568 -24.0
938.2563579082489 -25.0
938.4380910396576 -24.0
938.6751351356506 -24.0
938.909200668335 -25.0
939.1486256122589 -25.0
939.3863172531128 -26.0
939.6249723434448 -26.0
939.8623695373535 -26.0
940.0982031822205 -26.0
940.3319318294525 -27.0
940.5664670467377 -27.0
940.8028733730316 -27.0
941.0373017787933 -26.0
941.2638719081879 -26.0
941.4909088611603 -26.0
941.7007868289948 -26.0
941.9404835700989 -26.0
942.1752660274506 -25.0
942.4098279476166 -26.0
942.6499927043915 -25.0
942.881537437439 -25.0
943.1228241920471 -23.0
943.3634095191956 -23.0
943.549852848053 -23.0
943.7370507717133 -23.0
943.921231508255 -23.0
944.1541287899017 -23.0
944.3948881626129 -17.0
944.6328790187836 -18.0
944.8102366924286 -19.0
944.9914302825928 -20.0
945.1706171035767 -16.0
945.4089522361755 -18.0
945.6457073688507 -16.0
945.8746566772461 -14.0
946.1048214435577 -15.0
946.3178269863129 -14.0
948.0707576274872 -12.0
948.3096344470978 -12.0
948.5454473495483 -12.0
948.7308139801025 -12.0
948.9644854068756 -12.0
949.1810817718506 -12.0
952.6223454475403 28.0
952.8579697608948 28.0
953.0928666591644 26.0
955.6909694671631 15.0
955.9207372665405 15.0
956.1526844501495 15.0
956.3850455284119 16.0
956.6185538768768 17.0
956.8546137809753 16.0
957.084082365036 17.0
957.2608127593994 17.0
957.4397351741791 18.0
957.6212427616119 17.0
957.8505840301514 16.0
958.0806038379669 17.0
958.2901265621185 17.0
958.5024886131287 18.0
958.6965730190277 17.0
958.8944664001465 17.0
959.0763757228851 16.0
959.259170293808 16.0
959.4954144954681 16.0
959.7316615581512 16.0
959.9585711956024 15.0
960.1975984573364 16.0
960.4363145828247 16.0
960.6452038288116 18.0
960.8321979045868 5.0
961.0349731445312 6.0
961.229590177536 20.0
961.410516500473 2.0
961.6395077705383 1.0
961.8219544887543 -1.0
