0.49663686752319336 -39.0
1.0003995895385742 -39.0
1.2390093803405762 -38.0
1.4936559200286865 -41.0
1.8180480003356934 -38.0
2.0555994510650635 -40.0
2.3258230686187744 -37.0
2.604465961456299 -38.0
2.9133248329162598 -42.0
3.2480599880218506 -45.0
3.6267316341400146 -49.0
3.9640650749206543 -53.0
4.207341909408569 -60.0
4.48872709274292 -63.0
4.804235219955444 -72.0
5.114573240280151 -87.0
5.420000314712524 -85.0
5.755840063095093 -86.0
6.053930044174194 -77.0
6.418675422668457 -77.0
6.769288063049316 -74.0
7.094209432601929 -73.0
7.439222574234009 -74.0
7.68092942237854 -64.0
7.941779375076294 -53.0
8.248945236206055 -45.0
8.541078805923462 -36.0
8.860183238983154 -27.0
9.166243076324463 -31.0
9.803818702697754 0.0
10.394977569580078 16.0
10.745936870574951 25.0
11.047364711761475 32.0
11.344733953475952 32.0
11.639639854431152 26.0
11.94379210472107 22.0
12.298774242401123 16.0
12.592398643493652 -1.0
12.89910888671875 -2.0
13.197887420654297 7.0
13.55309247970581 19.0
13.851034879684448 6.0
14.137465238571167 1.0
14.454460620880127 13.0
14.804300308227539 6.0
15.095939874649048 -2.0
15.396100521087646 -14.0
15.70773196220398 -5.0
16.052304983139038 -8.0
16.35304832458496 -9.0
16.64183282852173 -14.0
16.950292348861694 -17.0
17.335102558135986 -23.0
17.89886975288391 -42.0
18.843252420425415 -48.0
19.141807317733765 -52.0
19.443299770355225 -50.0
19.797147035598755 -62.0
20.102351903915405 -64.0
20.395254373550415 -66.0
20.6876220703125 -67.0
21.048250675201416 -66.0
21.345882177352905 -60.0
21.646666526794434 -60.0
22.051830768585205 -65.0
22.344245195388794 -63.0
22.63963294029236 -57.0
22.962217092514038 -49.0
23.289093732833862 -24.0
23.59827423095703 -24.0
23.8965425491333 -10.0
24.19351863861084 6.0
24.552956342697144 20.0
24.845421075820923 33.0
25.131231546401978 37.0
25.446912050247192 41.0
25.75543737411499 42.0
26.093160152435303 41.0
26.39086627960205 43.0
26.717270612716675 42.0
26.984150648117065 40.0
28.342500925064087 36.0
29.58801555633545 34.0
30.830676317214966 29.0
32.07896852493286 22.0
33.356465578079224 19.0
34.59146308898926 16.0
35.834147214889526 3.0
37.035712242126465 4.0
38.28623104095459 0.0
39.52461123466492 -5.0
40.884435176849365 -2.0
42.11802816390991 -4.0
43.36814212799072 13.0
44.61371922492981 7.0
45.81372356414795 4.0
47.05158972740173 0.0
48.298744916915894 -17.0
49.53287100791931 -17.0
50.78470778465271 -18.0
52.02236247062683 -15.0
