12.531609296798706 99.0
15.32633638381958 -10.0
15.555703401565552 -8.0
15.798442125320435 -6.0
16.03276228904724 -6.0
16.273735523223877 -5.0
16.509070873260498 -5.0
16.712201356887817 -5.0
16.940517902374268 -7.0
17.18848943710327 -8.0
17.373015642166138 -8.0
17.561745643615723 -8.0
17.777557611465454 -9.0
17.954809427261353 -8.0
18.15422821044922 -6.0
18.31519055366516 -6.0
18.500295877456665 -5.0
18.713246822357178 -4.0
18.92391037940979 -4.0
19.17956042289734 -4.0
19.422773122787476 -4.0
19.68373703956604 -1.0
19.95539093017578 -1.0
20.163043975830078 1.0
20.39430069923401 3.0
20.62982678413391 2.0
20.860762357711792 3.0
21.130046606063843 3.0
21.392584562301636 3.0
21.624753952026367 4.0
21.86874508857727 4.0
22.120023488998413 4.0
22.365965604782104 4.0
22.61369299888611 4.0
22.8422269821167 5.0
23.07736349105835 5.0
23.315508365631104 4.0
23.551860570907593 10.0
23.81129217147827 12.0
24.068928718566895 15.0
24.33998990058899 15.0
24.589574337005615 16.0
24.824886083602905 19.0
25.06604552268982 23.0
25.25003743171692 23.0
25.490535974502563 24.0
25.734872817993164 27.0
25.999083518981934 30.0
26.20577311515808 33.0
26.38845467567444 32.0
26.63363265991211 33.0
26.865090370178223 33.0
27.12113666534424 58.0
27.376065254211426 58.0
27.735724210739136 98.0
27.914257287979126 43.0
28.095966815948486 98.0
28.27870273590088 97.0
28.511424779891968 70.0
28.742995023727417 98.0
28.934009552001953 98.0
29.113614559173584 98.0
29.344167947769165 98.0
29.556212902069092 98.0
29.752676486968994 98.0
29.92879843711853 97.0
30.11388325691223 98.0
30.347716331481934 98.0
30.584980726242065 98.0
30.81753921508789 98.0
31.04513716697693 97.0
31.27469301223755 97.0
31.506612539291382 97.0
32.02791357040405 98.0
32.49833798408508 98.0
32.86950874328613 97.0
33.0785973072052 96.0
33.25998497009277 96.0
33.499276876449585 97.0
33.756369829177856 97.0
34.006887912750244 97.0
34.23380494117737 95.0
34.46717858314514 91.0
34.71794080734253 96.0
34.97984576225281 96.0
35.46941947937012 97.0
35.72358989715576 97.0
35.97773241996765 97.0
36.20919871330261 97.0
36.45490503311157 94.0
36.69878315925598 97.0
36.96685600280762 97.0
37.43728256225586 98.0
37.68844294548035 96.0
37.94465231895447 98.0
38.18249320983887 98.0
38.435176610946655 97.0
38.64434480667114 98.0
39.118648529052734 97.0
39.57568168640137 98.0
42.6069540977478 98.0
42.836753606796265 98.0
45.68752908706665 98.0
45.87209224700928 98.0
46.08108305931091 98.0
46.32308793067932 97.0
46.795520544052124 98.0
47.26658058166504 98.0
48.87681698799133 98.0
49.15452527999878 99.0
49.39543008804321 98.0
53.74384355545044 99.0
53.984641313552856 100.0
54.222074031829834 100.0
54.46792507171631 101.0
57.890202045440674 98.0
58.63499736785889 98.0
58.89075970649719 98.0
59.387832164764404 98.0
60.44157910346985 98.0
60.70304989814758 98.0
67.97436356544495 34.0
68.34437823295593 35.0
74.53050804138184 98.0
75.48761320114136 97.0
75.74359798431396 98.0
84.48057293891907 98.0
87.99210405349731 97.0
89.53886127471924 98.0
89.78175950050354 98.0
90.02827501296997 98.0
90.75778460502625 98.0
91.00053834915161 98.0
98.75517964363098 36.0
105.7843382358551 71.0
106.07878732681274 71.0
106.34733867645264 73.0
106.64097905158997 74.0
106.8859052658081 74.0
107.15251970291138 75.0
107.36683511734009 75.0
107.61512231826782 76.0
107.97007346153259 81.0
108.22754669189453 81.0
108.76064920425415 81.0
109.01042628288269 81.0
109.27635622024536 83.0
109.54715085029602 80.0
109.81774497032166 81.0
110.0549726486206 82.0
110.29919624328613 78.0
110.57447624206543 75.0
110.82841968536377 74.0
111.08029913902283 77.0
111.34832620620728 76.0
111.62978482246399 74.0
111.89146494865417 77.0
112.13269639015198 76.0
112.38522005081177 76.0
112.64343047142029 76.0
112.89853739738464 75.0
113.14627122879028 76.0
113.39809727668762 78.0
113.88793468475342 78.0
114.16241693496704 81.0
114.41528391838074 79.0
114.68413257598877 78.0
114.94408059120178 79.0
115.23447847366333 85.0
115.51634311676025 86.0
115.77592349052429 86.0
116.04355072975159 87.0
116.57379150390625 94.0
116.81673049926758 94.0
117.08281087875366 95.0
117.34993505477905 96.0
117.87615275382996 98.0
118.11643266677856 98.0
118.38359594345093 99.0
118.64759016036987 101.0
119.10933709144592 99.0
121.07109928131104 101.0
121.59606051445007 84.0
122.08815741539001 102.0
124.03269028663635 98.0
125.22566485404968 94.0
125.41709995269775 92.0
125.65449690818787 92.0
125.88694214820862 91.0
126.34570002555847 88.0
126.58220171928406 87.0
126.80980515480042 86.0
129.38392901420593 44.0
130.43264317512512 51.0
130.83706951141357 45.0
131.19778561592102 45.0
131.3852231502533 31.0
131.80440616607666 1.0
132.03609490394592 -4.0
132.26806330680847 0.0
132.5033061504364 7.0
132.73573923110962 -1.0
132.9661877155304 1.0
133.145489692688 3.0
133.38359785079956 3.0
133.57829546928406 1.0
133.7639241218567 1.0
133.94335460662842 -5.0
134.12492513656616 -7.0
134.3183946609497 -12.0
134.54927682876587 -17.0
134.77731847763062 -16.0
134.96893119812012 -19.0
135.14812350273132 -24.0
135.32456970214844 -28.0
135.54748463630676 -32.0
135.77353167533875 -33.0
135.95468258857727 -34.0
136.13683986663818 -36.0
136.3218638896942 -40.0
136.51872062683105 -43.0
136.88543725013733 -37.0
137.0850315093994 -41.0
137.54924964904785 -53.0
137.78418135643005 -56.0
138.01367020606995 -57.0
138.24567127227783 -52.0
138.4731662273407 -49.0
138.6511936187744 -50.0
138.85945343971252 -58.0
139.04234409332275 -65.0
139.2292959690094 -67.0
139.40874981880188 -56.0
139.5843198299408 -57.0
221.5103304386139 -37.0
221.75159621238708 -32.0
221.99420285224915 -27.0
222.2259202003479 -25.0
222.62944841384888 -17.0
222.8774049282074 -14.0
223.12395238876343 -10.0
223.3628318309784 -1.0
223.59644317626953 6.0
223.84036993980408 8.0
224.08153867721558 12.0
224.31667590141296 23.0
224.49700784683228 27.0
224.85601258277893 38.0
225.03966617584229 37.0
225.22396969795227 35.0
225.4636046886444 33.0
225.69987177848816 32.0
225.93728017807007 29.0
226.1763298511505 28.0
226.37671875953674 27.0
226.56063055992126 26.0
226.75505995750427 26.0
226.96000218391418 24.0
227.1994743347168 22.0
227.44166731834412 20.0
227.68496584892273 15.0
227.93316268920898 13.0
228.16574907302856 15.0
228.39685678482056 17.0
228.62707662582397 -4.0
228.86938309669495 10.0
229.10477590560913 11.0
229.35656714439392 -4.0
229.62425565719604 -3.0
229.84871554374695 -4.0
230.08329105377197 11.0
230.30193161964417 11.0
230.5886425971985 -4.0
230.8492088317871 12.0
231.10619974136353 10.0
231.36248636245728 10.0
231.60373306274414 9.0
231.8740770816803 10.0
232.128741979599 10.0
232.3786334991455 8.0
232.64405345916748 -9.0
232.88741779327393 -10.0
233.12345910072327 -22.0
233.3664572238922 -24.0
233.6143398284912 -24.0
233.82018637657166 -28.0
234.12395024299622 -28.0
234.3612790107727 -29.0
234.6484534740448 -30.0
234.90344166755676 -38.0
235.1506896018982 -30.0
235.42390847206116 -30.0
235.6580469608307 -31.0
235.90586686134338 -32.0
236.14963841438293 -33.0
236.38582181930542 -30.0
237.672945022583 -35.0
237.88925123214722 -36.0
238.0917284488678 -37.0
238.33704328536987 -41.0
238.60202813148499 -42.0
238.8735249042511 -42.0
239.30317211151123 -40.0
239.54395580291748 -35.0
241.85003066062927 -55.0
242.09839916229248 -56.0
242.35179781913757 -57.0
242.61051607131958 -57.0
242.86520338058472 -57.0
243.19046139717102 -57.0
243.4726390838623 -57.0
243.7427215576172 -56.0
243.97873663902283 -56.0
244.2230122089386 -56.0
246.50546431541443 -68.0
246.74952697753906 -68.0
246.9873652458191 -67.0
247.20430302619934 -67.0
247.45567536354065 -68.0
247.6921865940094 -68.0
247.89932823181152 -67.0
248.09963846206665 -67.0
248.35890126228333 -67.0
248.6088535785675 -67.0
248.8212766647339 -68.0
249.0626459121704 -67.0
249.29869723320007 -67.0
249.54030060768127 -67.0
249.7891035079956 -67.0
250.03272891044617 -67.0
