13.407276391983032 -74.0
13.607738733291626 -79.0
13.852827072143555 -82.0
14.087907791137695 -85.0
14.298107862472534 -85.0
14.547518730163574 -87.0
14.77724027633667 -86.0
15.251864671707153 -86.0
15.466264486312866 -86.0
15.676759004592896 -85.0
15.912471055984497 -85.0
16.137356996536255 -85.0
16.37061643600464 -85.0
16.610458850860596 -86.0
16.81877827644348 -121.0
17.05130648612976 -114.0
17.2893488407135 -122.0
17.516292572021484 -121.0
17.7767915725708 -122.0
18.030826330184937 -122.0
18.2737877368927 -122.0
18.53402543067932 -123.0
18.769559860229492 -123.0
19.011171340942383 -123.0
19.227041959762573 -124.0
19.402106046676636 -122.0
19.586374521255493 -123.0
19.827004194259644 -123.0
20.088465452194214 -123.0
20.324341773986816 -124.0
20.563491344451904 -123.0
20.79940629005432 -124.0
21.039060831069946 -124.0
21.25426173210144 -124.0
21.43533945083618 -125.0
21.636316537857056 -124.0
21.813215255737305 -125.0
21.9936466217041 -125.0
22.188785076141357 -125.0
22.37529444694519 -125.0
22.61627769470215 -125.0
22.87816834449768 -126.0
23.120163202285767 -126.0
23.358049631118774 -126.0
23.59383225440979 -126.0
23.793311595916748 -125.0
23.967472076416016 -126.0
24.201601266860962 -126.0
24.39071273803711 -126.0
24.595503091812134 -126.0
24.85316300392151 -125.0
25.090877532958984 -125.0
25.3418231010437 -125.0
25.576199531555176 -125.0
25.83172631263733 -126.0
26.08392095565796 -128.0
26.30919313430786 -130.0
26.49238634109497 -129.0
26.741952896118164 -125.0
28.72298264503479 -79.0
29.206952571868896 -70.0
29.450926303863525 -67.0
29.697733879089355 -81.0
29.912672758102417 -60.0
30.149786949157715 -81.0
30.584768056869507 -57.0
34.65110206604004 -60.0
36.50697040557861 5.0
38.99412250518799 83.0
39.20679426193237 81.0
39.39022421836853 80.0
39.621718883514404 77.0
39.87349247932434 79.0
40.12772560119629 80.0
40.372804403305054 79.0
40.63585042953491 82.0
40.89728808403015 80.0
41.16697883605957 83.0
41.42158365249634 81.0
41.65859270095825 80.0
41.902406454086304 77.0
42.15040707588196 75.0
42.39497995376587 76.0
42.63539481163025 74.0
43.086973428726196 81.0
43.276252031326294 79.0
43.4630012512207 79.0
43.700767040252686 79.0
43.909066915512085 79.0
44.137959003448486 78.0
44.36736702919006 77.0
44.62349081039429 76.0
44.87880539894104 77.0
45.1494402885437 76.0
45.4091591835022 75.0
45.591015577316284 68.0
45.773754596710205 66.0
46.019376039505005 67.0
46.28260016441345 67.0
46.542394399642944 78.0
46.79129076004028 78.0
47.03705167770386 75.0
47.28315615653992 70.0
47.54221725463867 78.0
48.04360604286194 101.0
49.8696665763855 99.0
53.366708517074585 72.0
53.61893177032471 69.0
54.10527586936951 58.0
79.49302625656128 43.0
79.67123174667358 44.0
80.39424991607666 42.0
82.16613698005676 42.0
83.19520092010498 40.0
83.42451095581055 39.0
83.65507817268372 39.0
83.87046694755554 41.0
84.06997013092041 39.0
84.30419921875 -1.0
84.53325152397156 39.0
84.76494884490967 -1.0
84.98873853683472 -1.0
85.19178128242493 -1.0
86.24353694915771 -1.0
86.74287724494934 -4.0
90.72543811798096 -78.0
90.96072626113892 -81.0
91.13726115226746 -81.0
91.31969404220581 -83.0
91.55147290229797 -86.0
91.7784960269928 -87.0
91.95780801773071 -90.0
92.14197874069214 -92.0
92.3680956363678 -95.0
92.55133414268494 -87.0
92.77911138534546 -94.0
92.99457550048828 -95.0
93.45999193191528 -84.0
93.69551539421082 -92.0
141.25256490707397 -124.0
145.27014565467834 -84.0
146.94423031806946 -124.0
147.17017602920532 -125.0
147.35732650756836 -125.0
147.57222032546997 -125.0
147.8060233592987 -125.0
148.04229354858398 -124.0
148.27909564971924 -126.0
148.5758867263794 -126.0
148.8301224708557 -125.0
149.0707745552063 -126.0
149.32524847984314 -128.0
149.5443902015686 -127.0
149.79393553733826 -128.0
150.04929304122925 -127.0
150.28750467300415 -127.0
150.5218608379364 -128.0
150.75668597221375 -129.0
150.987557888031 -131.0
151.24232006072998 -134.0
151.88555264472961 -125.0
152.14619207382202 -125.0
152.4093155860901 -126.0
152.649160861969 -127.0
158.33752179145813 -88.0
159.27998447418213 -82.0
159.50534796714783 -77.0
161.40553212165833 -72.0
161.6437849998474 -73.0
161.87114357948303 -71.0
162.34073662757874 -83.0
162.76415753364563 -83.0
162.9955177307129 -86.0
163.17439365386963 -92.0
163.3697612285614 -94.0
163.60475516319275 -97.0
163.86148285865784 -102.0
164.11644649505615 -106.0
164.35003519058228 -107.0
164.58527326583862 -106.0
165.28491473197937 -119.0
168.66829705238342 -40.0
168.90177536010742 -37.0
169.14185523986816 -36.0
169.3931758403778 -9.0
169.65124011039734 -4.0
169.87762808799744 -5.0
170.13350081443787 -8.0
170.35177421569824 -10.0
170.59271597862244 -21.0
170.83063054084778 -25.0
171.0635585784912 -24.0
171.55723977088928 -8.0
171.8183798789978 -3.0
172.04559993743896 5.0
172.22833776474 9.0
172.42274451255798 0.0
172.66324186325073 24.0
172.84143662452698 -2.0
173.058012008667 37.0
173.30038738250732 39.0
173.53185987472534 41.0
173.7620391845703 56.0
173.97552609443665 60.0
174.166344165802 72.0
174.40040612220764 78.0
174.64210605621338 82.0
174.8974883556366 95.0
175.1430220603943 101.0
175.53605365753174 106.0
175.77997469902039 113.0
176.02267241477966 116.0
176.2580759525299 119.0
214.6771204471588 111.0
214.85494017601013 113.0
215.0373613834381 112.0
215.21331000328064 114.0
215.39081025123596 109.0
215.58264136314392 110.0
215.7832109928131 110.0
215.95511865615845 114.0
216.14078903198242 114.0
216.3694553375244 110.0
216.59998679161072 114.0
216.82711672782898 114.0
217.0535089969635 114.0
221.62893843650818 125.0
221.86246848106384 125.0
222.09074759483337 125.0
222.3225860595703 125.0
222.54835605621338 80.0
222.7626917362213 81.0
222.9418294429779 81.0
223.1198058128357 80.0
223.29295945167542 81.0
223.51055788993835 124.0
223.74398350715637 125.0
223.98637890815735 125.0
224.16627526283264 125.0
224.39568996429443 125.0
224.5707082748413 124.0
224.81101059913635 125.0
224.9883325099945 125.0
225.1700210571289 126.0
225.40867400169373 126.0
225.63599920272827 124.0
225.8715078830719 125.0
226.0727756023407 126.0
226.26601767539978 125.0
226.4834885597229 125.0
226.70871925354004 124.0
226.93253254890442 126.0
227.15664839744568 125.0
227.35851001739502 125.0
227.53626608848572 125.0
227.76376056671143 124.0
227.99603009223938 125.0
228.21669340133667 125.0
228.44932579994202 125.0
228.63558220863342 126.0
228.86666011810303 125.0
229.0531985759735 125.0
229.23288989067078 126.0
229.45632457733154 125.0
229.68162941932678 81.0
229.90918970108032 71.0
230.1424605846405 68.0
230.34152555465698 59.0
230.53650212287903 56.0
230.71410012245178 109.0
230.89975333213806 54.0
231.07596397399902 31.0
231.25728368759155 28.0
231.47592616081238 24.0
231.6559510231018 22.0
231.83334064483643 47.0
232.0295639038086 46.0
232.20818781852722 40.0
232.38751602172852 13.0
232.5654296875 11.0
232.74770188331604 8.0
232.93171548843384 0.0
233.12271666526794 -5.0
233.3078715801239 -7.0
233.53532481193542 -16.0
233.76043152809143 -16.0
233.98715782165527 -16.0
234.20941281318665 -16.0
234.38627219200134 -16.0
234.5693323612213 -16.0
235.0260715484619 -5.0
235.51538729667664 0.0
235.7403371334076 -7.0
236.09436011314392 -22.0
236.33177256584167 -27.0
236.58499431610107 -30.0
236.8230001926422 -33.0
237.0395655632019 -38.0
237.22141122817993 -40.0
237.58238053321838 -44.0
237.80914783477783 -48.0
238.03409123420715 -49.0
238.2432987689972 -51.0
238.70048785209656 -66.0
238.92076897621155 -75.0
239.21470499038696 -77.0
239.42106461524963 -81.0
239.6492223739624 -80.0
239.85111498832703 -86.0
240.02905464172363 -88.0
240.20907068252563 -90.0
240.39306330680847 -92.0
240.6242425441742 -93.0
240.8510456085205 -94.0
241.0757942199707 -95.0
241.3053605556488 -98.0
241.49803161621094 -125.0
241.67713046073914 -125.0
241.94357872009277 -125.0
242.22726821899414 -110.0
242.47572326660156 -125.0
242.71208429336548 -126.0
242.94927978515625 -126.0
243.18208575248718 -125.0
243.4082362651825 -125.0
243.64573621749878 -124.0
243.88270664215088 -125.0
244.1450479030609 -126.0
244.3817858695984 -126.0
244.61107325553894 -126.0
244.85195899009705 -125.0
245.08892703056335 -126.0
245.34451365470886 -126.0
245.59626817703247 -126.0
246.5492935180664 -111.0
246.7937331199646 -111.0
247.04078102111816 -110.0
247.50770044326782 -110.0
247.76946020126343 -125.0
248.016832113266 -125.0
248.25182390213013 -124.0
248.45878171920776 -125.0
248.69050121307373 -125.0
248.8801612854004 -125.0
249.06100702285767 -124.0
249.31872487068176 -101.0
249.55793237686157 -124.0
249.785578250885 -125.0
249.98329305648804 -124.0
250.1943485736847 -124.0
250.3719162940979 -100.0
250.5978696346283 -124.0
250.80701994895935 -101.0
250.98333287239075 -100.0
251.15995287895203 -100.0
251.33821272850037 -100.0
251.54337906837463 -124.0
251.72315669059753 -99.0
251.91883540153503 -99.0
252.0924210548401 -99.0
252.3250389099121 -99.0
252.56478452682495 -123.0
252.8013219833374 -99.0
253.03819131851196 -98.0
253.27671885490417 -99.0
253.51595091819763 -98.0
253.7497797012329 -123.0
253.9963276386261 -97.0
254.23327612876892 -97.0
254.4652783870697 -97.0
254.69159388542175 -97.0
254.89923763275146 -123.0
255.12875294685364 -96.0
255.35471034049988 -96.0
255.57003259658813 -96.0
255.740003824234 -96.0
256.1054198741913 -96.0
256.298054933548 -97.0
256.47950530052185 -97.0
256.65550231933594 -96.0
256.8539545536041 -95.0
257.08779072761536 -96.0
257.3228883743286 -97.0
257.5560793876648 -98.0
257.8182029724121 -98.0
258.06814074516296 -123.0
258.293625831604 -98.0
258.5198359489441 -99.0
258.7727975845337 -100.0
259.0148720741272 -100.0
259.25779938697815 -124.0
259.458292722702 -125.0
259.63582134246826 -100.0
259.81463146209717 -125.0
259.9923276901245 -106.0
260.20324063301086 -124.0
260.4550085067749 -106.0
260.6988854408264 -106.0
260.9312446117401 -106.0
261.1077127456665 -106.0
261.28840708732605 -124.0
261.46689009666443 -106.0
261.6492648124695 -105.0
261.88391065597534 -125.0
262.1169173717499 -125.0
262.34399938583374 -124.0
262.5994327068329 -99.0
262.844110250473 -124.0
263.06939339637756 -125.0
263.28074193000793 -125.0
263.4723083972931 -98.0
263.70529079437256 -125.0
263.9525775909424 -124.0
264.1838972568512 -99.0
264.40071654319763 -99.0
264.5770263671875 -124.0
264.7551567554474 -125.0
264.9380009174347 -106.0
265.11713767051697 -125.0
265.37044858932495 -125.0
265.62147331237793 -124.0
265.82531690597534 -125.0
266.0069444179535 -125.0
266.36652874946594 -91.0
266.7819366455078 -88.0
266.9768283367157 -74.0
267.56808257102966 -41.0
267.7956347465515 -46.0
268.2991237640381 -32.0
310.8968334197998 -23.0
311.1274631023407 -24.0
311.49008226394653 -22.0
311.74816727638245 -27.0
311.99561953544617 -23.0
329.0418565273285 62.0
329.2702786922455 61.0
329.50075459480286 59.0
329.73542952537537 59.0
330.0053563117981 56.0
330.2653157711029 56.0
330.5215301513672 57.0
330.7732856273651 57.0
331.03414845466614 57.0
331.28378200531006 60.0
331.5003957748413 58.0
331.7100396156311 60.0
331.9318571090698 58.0
332.1607630252838 61.0
332.4002752304077 57.0
332.61777997016907 52.0
332.8568329811096 48.0
333.0812609195709 35.0
333.2682967185974 33.0
337.8191149234772 42.0
338.06855177879333 71.0
338.3290457725525 71.0
338.57362127304077 70.0
338.8360731601715 44.0
364.86179184913635 60.0
385.8309500217438 71.0
386.0923709869385 74.0
386.36195611953735 74.0
386.6022424697876 73.0
387.0856103897095 72.0
387.33123755455017 73.0
387.5252389907837 73.0
387.8301877975464 71.0
388.0768527984619 70.0
388.30997037887573 70.0
388.5684103965759 70.0
388.77290749549866 69.0
388.96056723594666 69.0
389.2241311073303 69.0
389.4764838218689 72.0
389.6782965660095 70.0
389.94206953048706 70.0
390.210027217865 71.0
390.4804916381836 71.0
390.740736246109 70.0
390.9776985645294 71.0
391.22287154197693 70.0
391.4721987247467 57.0
391.70685958862305 41.0
391.9376039505005 69.0
392.1799485683441 68.0
392.4188623428345 68.0
392.6607184410095 67.0
392.8900742530823 64.0
393.12151312828064 63.0
393.3502264022827 65.0
393.5523257255554 66.0
393.7419264316559 65.0
393.93080043792725 63.0
394.1537001132965 53.0
394.39370918273926 53.0
394.6382999420166 55.0
394.9620361328125 55.0
395.23246002197266 57.0
395.4804902076721 55.0
395.71461272239685 63.0
395.9502649307251 65.0
396.4111235141754 66.0
396.63921666145325 65.0
396.8736665248871 66.0
397.10656332969666 65.0
397.33230900764465 65.0
397.55720949172974 42.0
397.7426040172577 63.0
397.9255635738373 63.0
398.106516122818 66.0
398.2889747619629 67.0
398.4694473743439 64.0
398.6680226325989 68.0
398.8731062412262 67.0
399.2239091396332 68.0
399.5859568119049 72.0
399.75868105888367 69.0
399.98856258392334 71.0
400.74814558029175 73.0
401.03834104537964 73.0
401.30126762390137 77.0
401.7904212474823 75.0
403.28315901756287 77.0
403.535790681839 79.0
403.8241171836853 77.0
404.0562975406647 77.0
406.356814622879 79.0
406.5449504852295 82.0
407.6675956249237 123.0
407.92175698280334 125.0
408.1635103225708 125.0
408.3816249370575 126.0
408.6216559410095 125.0
408.85714769363403 124.0
409.044380903244 125.0
409.2738416194916 125.0
409.4815535545349 125.0
409.6782772541046 125.0
409.90754771232605 124.0
410.1291468143463 125.0
410.35465836524963 125.0
410.58171463012695 125.0
410.7676410675049 125.0
411.017941236496 124.0
411.24871587753296 126.0
411.48158025741577 126.0
411.71007347106934 126.0
411.93945360183716 126.0
412.1777319908142 82.0
412.41299653053284 126.0
412.6719400882721 126.0
412.91005086898804 126.0
413.0959610939026 126.0
413.2865650653839 124.0
413.4832398891449 126.0
413.662602186203 126.0
413.8466567993164 126.0
414.02602314949036 126.0
414.3800253868103 125.0
414.55881690979004 78.0
414.73770546913147 69.0
414.9161238670349 66.0
415.0977957248688 63.0
415.2906050682068 34.0
415.565856218338 54.0
415.8341760635376 47.0
416.0649514198303 31.0
416.31786012649536 25.0
416.5786521434784 21.0
416.8150930404663 18.0
417.0012128353119 16.0
417.235946893692 45.0
417.4909427165985 10.0
417.73745036125183 38.0
417.9773931503296 34.0
418.5034222602844 -2.0
418.77102971076965 23.0
419.2402811050415 10.0
419.44755697250366 -8.0
419.6551241874695 -6.0
419.91904735565186 10.0
420.1713533401489 10.0
420.3989722728729 10.0
420.64804673194885 10.0
420.8910496234894 9.0
421.1254343986511 10.0
421.37125992774963 9.0
421.6138596534729 -10.0
421.8753845691681 10.0
422.12841057777405 9.0
422.38482999801636 10.0
422.63802909851074 -7.0
422.86144375801086 10.0
423.1129095554352 -5.0
423.3695225715637 12.0
423.6079170703888 12.0
423.8534462451935 12.0
424.11234307289124 -5.0
424.3628759384155 -5.0
424.56336069107056 -5.0
424.8061800003052 -5.0
425.05781507492065 13.0
425.3076272010803 12.0
425.5577893257141 -5.0
425.81447434425354 13.0
426.07173347473145 12.0
426.3216333389282 13.0
426.55365324020386 -3.0
426.78596091270447 -3.0
427.0342502593994 -4.0
427.23669505119324 12.0
427.487402677536 -4.0
427.7245182991028 -6.0
427.9212212562561 -6.0
428.13240933418274 10.0
428.3159739971161 10.0
428.5492343902588 11.0
428.8017621040344 11.0
429.05385088920593 10.0
429.2813518047333 10.0
429.5169036388397 10.0
429.743280172348 10.0
429.9223654270172 10.0
430.0972971916199 10.0
430.32821893692017 11.0
430.56378960609436 11.0
430.79016494750977 11.0
431.01852464675903 11.0
431.241726398468 11.0
431.506294965744 11.0
431.7632143497467 -6.0
432.01598620414734 12.0
432.2603232860565 -5.0
432.4677748680115 11.0
432.79489183425903 -7.0
432.97310161590576 12.0
433.1734685897827 11.0
433.41044640541077 -6.0
433.6363048553467 -4.0
433.8865942955017 -6.0
434.13909888267517 -9.0
434.3695328235626 -7.0
434.596054315567 -9.0
434.8327603340149 11.0
435.0616354942322 11.0
435.2882273197174 -9.0
435.5517964363098 11.0
435.81078577041626 -10.0
436.0092523097992 -10.0
436.19083285331726 -8.0
436.36442828178406 10.0
436.5909535884857 9.0
436.84680008888245 10.0
437.09144926071167 -7.0
437.3313090801239 10.0
437.5607588291168 10.0
437.830748796463 9.0
438.08534502983093 9.0
438.3335328102112 9.0
438.59982776641846 8.0
438.8602485656738 8.0
439.1124143600464 8.0
439.33950543403625 8.0
439.5637848377228 8.0
439.81045269966125 8.0
439.99525928497314 9.0
440.1898341178894 8.0
440.3704402446747 8.0
440.55574679374695 8.0
440.8242778778076 7.0
441.05580282211304 8.0
441.2951829433441 8.0
441.5032203197479 8.0
441.72667813301086 8.0
441.9710729122162 8.0
442.1995358467102 8.0
442.43886947631836 8.0
442.6428017616272 9.0
442.87691259384155 9.0
443.1090190410614 10.0
443.3484570980072 9.0
443.572979927063 -5.0
443.78434801101685 -6.0
444.03366899490356 15.0
444.28603076934814 -2.0
444.534029006958 14.0
444.7442469596863 13.0
444.9229109287262 12.0
445.1187582015991 0.0
445.3482675552368 12.0
445.5893249511719 11.0
445.8298587799072 8.0
446.0921323299408 10.0
446.3568170070648 9.0
446.5444209575653 11.0
446.7823979854584 13.0
447.0389952659607 13.0
447.3071081638336 13.0
447.53267097473145 12.0
447.7741541862488 12.0
448.00824546813965 13.0
448.2378852367401 12.0
448.4867823123932 12.0
448.72709941864014 13.0
448.95644330978394 13.0
449.19597125053406 14.0
449.4293203353882 3.0
449.6693642139435 7.0
449.9088270664215 7.0
450.16147804260254 6.0
450.3991005420685 8.0
450.65151858329773 6.0
450.90527153015137 5.0
451.14686250686646 5.0
451.3946931362152 5.0
451.64004707336426 7.0
451.84173369407654 2.0
452.02749133110046 1.0
452.26479029655457 4.0
452.4560225009918 3.0
452.6928696632385 6.0
452.92917490005493 2.0
453.1869888305664 2.0
453.4418580532074 1.0
453.69916009902954 1.0
453.9614293575287 4.0
454.21297311782837 2.0
454.4605140686035 2.0
454.69544434547424 1.0
454.953510761261 1.0
455.20750284194946 1.0
455.46425342559814 2.0
455.7172815799713 2.0
455.97363090515137 1.0
456.22782802581787 2.0
456.4750888347626 1.0
456.710471868515 1.0
456.95522022247314 1.0
457.1802468299866 0.0
457.43144607543945 0.0
457.6844356060028 -1.0
457.9256389141083 0.0
458.15526938438416 1.0
458.3452742099762 2.0
458.5443696975708 3.0
458.75159907341003 2.0
458.9867057800293 3.0
459.19439029693604 2.0
459.39077377319336 2.0
459.6189250946045 2.0
459.85275888442993 4.0
460.0989685058594 4.0
460.35015630722046 0.0
460.602659702301 1.0
460.85415267944336 0.0
461.05815052986145 -1.0
461.3093321323395 -1.0
461.56711864471436 -3.0
461.8062996864319 -2.0
462.0574622154236 -16.0
