11.596763372421265 99.0
11.839200019836426 99.0
14.114430904388428 19.0
14.313388586044312 19.0
14.546925783157349 22.0
14.781247615814209 22.0
15.004240036010742 21.0
15.239567279815674 19.0
15.470438957214355 20.0
15.660178422927856 17.0
15.90470004081726 15.0
16.1425039768219 14.0
16.3687162399292 14.0
16.602484226226807 13.0
16.835747480392456 13.0
17.069348335266113 13.0
17.30005168914795 13.0
17.52802300453186 15.0
17.72318124771118 16.0
17.95160412788391 16.0
18.162864923477173 19.0
18.345033884048462 20.0
18.53056788444519 21.0
18.765791416168213 19.0
18.969305515289307 21.0
19.15057635307312 21.0
19.39371085166931 20.0
19.598137617111206 19.0
19.79485297203064 20.0
19.987178087234497 22.0
20.163942575454712 23.0
20.32688307762146 24.0
20.504504442214966 22.0
20.687933683395386 23.0
20.925103425979614 23.0
21.15986657142639 23.0
21.391544103622437 23.0
21.630032777786255 23.0
21.823081016540527 25.0
22.005050659179688 24.0
22.191506385803223 24.0
22.398885250091553 22.0
22.58631420135498 20.0
22.828505516052246 20.0
23.06930112838745 20.0
23.253679990768433 19.0
23.473750829696655 20.0
23.660901069641113 21.0
23.8878014087677 22.0
24.115423917770386 21.0
24.34702157974243 24.0
24.584409713745117 24.0
24.82455539703369 23.0
25.063597440719604 24.0
25.324965476989746 24.0
25.555506706237793 24.0
25.793460369110107 24.0
26.036012411117554 24.0
26.26590132713318 24.0
26.464314937591553 23.0
26.7038152217865 23.0
26.94450283050537 25.0
27.183939695358276 24.0
27.40452480316162 24.0
27.630024671554565 24.0
27.85104274749756 24.0
28.087353467941284 24.0
28.3245210647583 24.0
28.56196904182434 27.0
28.75730299949646 31.0
28.93934655189514 32.0
29.126351594924927 33.0
29.31672239303589 34.0
29.55208683013916 34.0
29.790914297103882 37.0
30.206394910812378 38.0
30.785544395446777 67.0
31.023059606552124 62.0
31.25483751296997 70.0
31.49150776863098 72.0
32.3660843372345 66.0
33.19261908531189 67.0
33.568241357803345 64.0
34.63950538635254 76.0
34.885672092437744 79.0
35.132091760635376 65.0
35.37183094024658 66.0
35.60879325866699 63.0
35.831180572509766 65.0
36.02235269546509 65.0
36.258480072021484 63.0
36.497089862823486 66.0
36.73921728134155 63.0
36.92679786682129 64.0
37.108354568481445 64.0
37.58261752128601 83.0
38.29733967781067 80.0
38.48193311691284 72.0
38.662885665893555 81.0
38.84116458892822 73.0
39.03366565704346 73.0
39.436872482299805 72.0
39.6622838973999 68.0
39.86821269989014 79.0
40.10050916671753 74.0
40.333967208862305 80.0
40.56254529953003 80.0
41.276787996292114 85.0
43.129223346710205 22.0
43.35808491706848 22.0
43.91255807876587 7.0
44.115506649017334 5.0
44.3554584980011 3.0
44.5962393283844 4.0
45.074594259262085 -27.0
45.31242847442627 -3.0
45.54165172576904 -3.0
45.77358436584473 -2.0
46.0079083442688 -2.0
46.24771165847778 -2.0
46.49080491065979 0.0
46.73366451263428 -1.0
46.92660570144653 -1.0
47.12072205543518 0.0
47.298267126083374 -22.0
47.48561215400696 3.0
47.65151572227478 1.0
47.807656049728394 0.0
48.0299756526947 1.0
48.20925736427307 -1.0
48.404202699661255 -4.0
48.64157199859619 -6.0
48.88476324081421 -9.0
49.11608290672302 -14.0
49.35624027252197 -51.0
49.59626388549805 -58.0
49.83515238761902 -61.0
50.07099652290344 -63.0
50.31341028213501 -66.0
50.54747986793518 -70.0
51.16923403739929 -75.0
51.36475443840027 -88.0
51.9696261882782 -55.0
52.21210336685181 -52.0
52.44659638404846 -51.0
52.928282260894775 -48.0
53.16620850563049 -45.0
53.40730881690979 -44.0
53.64459991455078 -42.0
54.08673667907715 -38.0
54.30380177497864 -36.0
54.49960422515869 -35.0
54.74078416824341 -32.0
55.224969148635864 -25.0
55.46124839782715 -22.0
55.69988226890564 -19.0
56.38423728942871 -10.0
56.85859227180481 -1.0
57.09808421134949 2.0
57.57655692100525 6.0
57.81703591346741 12.0
58.056878089904785 15.0
58.29302191734314 16.0
58.77109885215759 26.0
59.01043748855591 29.0
59.24879837036133 31.0
59.46857285499573 34.0
59.890891313552856 39.0
60.080833196640015 40.0
60.27318096160889 42.0
60.69209003448486 38.0
60.920082330703735 38.0
61.126157999038696 39.0
61.310938596725464 39.0
61.5485258102417 38.0
61.805238485336304 18.0
61.99379253387451 38.0
62.176419258117676 37.0
62.35673379898071 40.0
62.518603801727295 42.0
63.105581521987915 47.0
63.52988290786743 50.0
64.24320912361145 55.0
64.70987033843994 51.0
65.10484886169434 51.0
65.2859206199646 49.0
65.52090644836426 51.0
65.7570321559906 51.0
66.19046020507812 51.0
66.42264246940613 52.0
66.61621975898743 51.0
66.85212302207947 52.0
67.27539563179016 52.0
67.5170567035675 52.0
67.75969123840332 52.0
68.55329632759094 58.0
68.75209164619446 58.0
68.96624875068665 61.0
69.42848038673401 64.0
69.60800313949585 63.0
69.80938959121704 62.0
70.04618310928345 63.0
70.51585721969604 63.0
70.75192523002625 60.0
70.98457956314087 61.0
71.22869634628296 61.0
71.69776439666748 61.0
71.93389439582825 61.0
72.16613745689392 61.0
72.37331962585449 60.0
72.8427004814148 61.0
73.07581686973572 61.0
73.25582456588745 61.0
73.43991899490356 62.0
73.61822628974915 61.0
73.80134439468384 62.0
73.98682808876038 63.0
74.19978284835815 64.0
74.37856435775757 67.0
74.82566571235657 66.0
75.05779528617859 66.0
75.28995943069458 66.0
75.55689907073975 67.0
75.80107545852661 65.0
76.04872179031372 67.0
76.28277468681335 66.0
76.52209115028381 66.0
76.75294995307922 66.0
77.14933466911316 63.0
77.31972980499268 62.0
77.50776100158691 63.0
77.69140553474426 62.0
77.8827702999115 61.0
78.0697340965271 63.0
78.30865502357483 64.0
78.54871106147766 64.0
78.78027844429016 63.0
79.02223682403564 63.0
79.24252915382385 63.0
79.42552208900452 62.0
79.65702557563782 63.0
80.25633239746094 63.0
80.43718361854553 63.0
80.6253752708435 62.0
80.84027409553528 62.0
81.01943492889404 62.0
81.20239639282227 62.0
81.41787838935852 63.0
81.63981938362122 63.0
81.85648965835571 64.0
82.09709739685059 64.0
82.33262658119202 64.0
82.56348824501038 64.0
82.78370785713196 62.0
83.01977205276489 63.0
83.46658039093018 64.0
83.70071530342102 65.0
83.94102573394775 65.0
84.18135142326355 65.0
84.640784740448 62.0
84.86276984214783 63.0
85.09688186645508 67.0
85.3341224193573 86.0
86.15394997596741 59.0
86.39503359794617 58.0
86.86852383613586 47.0
87.24232506752014 39.0
87.4825484752655 33.0
87.67346954345703 30.0
87.9188973903656 17.0
88.15253233909607 11.0
88.3847107887268 9.0
88.75672316551208 4.0
88.93822145462036 0.0
89.12468600273132 -13.0
89.31376028060913 -12.0
89.50740790367126 -32.0
89.68995571136475 -31.0
90.1594500541687 -7.0
90.35684061050415 -6.0
90.72117686271667 -30.0
90.90670704841614 -30.0
91.09467244148254 -30.0
91.26766157150269 -8.0
91.78929376602173 -7.0
92.36708211898804 -2.0
92.6005711555481 -2.0
93.0784273147583 2.0
93.54443120956421 4.0
93.72893977165222 4.0
94.15617871284485 1.0
94.39027142524719 2.0
94.62403154373169 4.0
94.85631656646729 -1.0
95.3367702960968 3.0
95.80264091491699 10.0
96.03785037994385 15.0
96.27111291885376 17.0
96.50763392448425 17.0
96.74484419822693 22.0
96.97509098052979 23.0
97.20805644989014 25.0
97.40724277496338 26.0
97.5945315361023 24.0
98.21690273284912 31.0
98.62015271186829 35.0
98.98581290245056 37.0
99.1661057472229 38.0
99.34704613685608 39.0
99.91685104370117 67.0
100.13119840621948 64.0
100.3636724948883 71.0
100.59349489212036 72.0
100.82733798027039 72.0
101.0707688331604 75.0
101.31278538703918 81.0
101.53736805915833 84.0
101.72292065620422 87.0
101.93785119056702 88.0
102.17694425582886 93.0
102.63765788078308 97.0
102.87581419944763 98.0
103.33435344696045 97.0
104.45747780799866 98.0
104.92111372947693 97.0
106.93242239952087 29.0
107.1174201965332 24.0
107.30371236801147 20.0
107.54290533065796 18.0
108.02562069892883 3.0
108.2483389377594 2.0
108.42822432518005 1.0
108.6151168346405 1.0
108.8017930984497 2.0
109.04608297348022 2.0
109.23328995704651 2.0
109.41861534118652 2.0
109.66208124160767 5.0
109.89950847625732 7.0
110.14511466026306 8.0
110.38904213905334 9.0
110.63139343261719 12.0
110.8725597858429 15.0
111.10951519012451 17.0
111.33562469482422 19.0
111.56968116760254 24.0
111.7767162322998 19.0
112.01460433006287 20.0
112.24552488327026 22.0
112.47707438468933 45.0
112.8602044582367 46.0
113.05287671089172 47.0
113.29166865348816 51.0
113.53156733512878 54.0
113.76797938346863 55.0
114.00034189224243 55.0
114.23508834838867 58.0
114.44152426719666 58.0
114.63442778587341 59.0
114.87195920944214 63.0
115.1082854270935 62.0
115.32904243469238 75.0
115.56786131858826 80.0
116.03200554847717 84.0
119.69241189956665 102.0
120.11987066268921 99.0
120.35366654396057 99.0
120.55626559257507 99.0
162.75392866134644 54.0
170.6650195121765 97.0
170.90608549118042 98.0
171.37412810325623 100.0
172.75227236747742 78.0
175.32679891586304 49.0
175.51065325737 46.0
176.117027759552 16.0
176.56301164627075 15.0
176.94564366340637 17.0
177.18622374534607 21.0
177.39869332313538 9.0
177.5796835422516 15.0
177.77312517166138 13.0
178.14864897727966 7.0
178.39163255691528 11.0
178.6319441795349 18.0
179.09838771820068 35.0
179.30021619796753 21.0
179.536470413208 33.0
179.74176383018494 9.0
179.98046445846558 3.0
180.21387362480164 -1.0
180.6847903728485 -2.0
180.9176630973816 2.0
181.1556854248047 -5.0
181.63035106658936 1.0
181.87351036071777 -3.0
182.1119794845581 -28.0
182.29049468040466 -31.0
182.4770154953003 -34.0
182.6679539680481 -51.0
183.0296347141266 -47.0
183.20231556892395 -76.0
183.38126516342163 -76.0
183.5613512992859 -72.0
183.74578619003296 -73.0
183.93624591827393 -73.0
184.11422204971313 -71.0
184.35015726089478 -72.0
184.58053255081177 -70.0
184.80792784690857 -71.0
185.04247331619263 -70.0
185.2658953666687 -51.0
185.48267102241516 -71.0
185.71558475494385 -70.0
185.95099520683289 -70.0
186.18126153945923 -70.0
186.35901880264282 -69.0
186.5390043258667 -69.0
186.78278970718384 -67.0
186.96006965637207 -67.0
187.19212985038757 -67.0
187.42182040214539 -67.0
187.60322642326355 -66.0
187.78206610679626 -65.0
188.0013506412506 -45.0
188.23407363891602 -45.0
188.47826194763184 -65.0
188.71422004699707 -43.0
188.949853181839 -64.0
189.1823287010193 -64.0
189.370539188385 -63.0
189.61288404464722 -63.0
189.858389377594 -63.0
190.05784130096436 -62.0
190.2408905029297 -62.0
190.42178606987 -61.0
190.59875893592834 -61.0
190.78251194953918 -61.0
190.9663565158844 -56.0
191.14693331718445 -60.0
191.33306336402893 -53.0
191.56404209136963 -57.0
191.79579615592957 -65.0
192.0292444229126 -66.0
192.25058937072754 -65.0
192.9775369167328 -32.0
193.16764950752258 -17.0
193.4033055305481 -15.0
193.64118909835815 -6.0
193.8320083618164 -15.0
194.01249742507935 -6.0
194.21322655677795 -9.0
194.39251136779785 11.0
194.58036828041077 15.0
194.8065848350525 19.0
195.0379774570465 27.0
195.22865438461304 12.0
195.40957140922546 18.0
195.634938955307 21.0
195.87509441375732 34.0
196.11459589004517 37.0
196.35177564620972 42.0
196.5696828365326 47.0
203.83874797821045 41.0
204.0708429813385 42.0
204.30506420135498 39.0
207.35221481323242 66.0
208.41246271133423 66.0
209.04508447647095 69.0
209.4297649860382 70.0
209.75927233695984 48.0
209.9077489376068 48.0
210.08335137367249 49.0
210.26250767707825 50.0
210.44383549690247 49.0
210.63251638412476 49.0
210.8147268295288 49.0
211.01778888702393 50.0
211.21791172027588 49.0
211.41699886322021 49.0
211.6506073474884 50.0
231.1574263572693 53.0
236.7934877872467 75.0
237.02645754814148 75.0
238.42017245292664 75.0
238.87754273414612 79.0
239.06489157676697 78.0
240.88736724853516 70.0
241.1219232082367 63.0
241.36331701278687 63.0
241.59679412841797 64.0
241.8271062374115 64.0
242.06776785850525 64.0
242.24520826339722 65.0
242.61072325706482 67.0
242.7916440963745 66.0
242.9756863117218 71.0
243.1569802761078 72.0
243.53505969047546 68.0
243.72550988197327 80.0
247.69556879997253 49.0
249.12101864814758 -1.0
249.36314749717712 -9.0
249.59613370895386 -4.0
249.8015856742859 -5.0
249.98460698127747 -2.0
250.22380208969116 -2.0
250.4584765434265 -2.0
250.6985592842102 -1.0
250.93407273292542 -3.0
251.16682028770447 -2.0
251.3940544128418 -1.0
251.61881971359253 -1.0
251.8625771999359 1.0
252.10472679138184 4.0
252.34732389450073 7.0
252.5837459564209 7.0
252.82415056228638 9.0
253.0623242855072 12.0
253.29832243919373 16.0
253.53935313224792 21.0
253.7797520160675 21.0
254.02011013031006 25.0
254.21630311012268 25.0
254.45286560058594 28.0
254.68600296974182 43.0
254.9032280445099 33.0
255.1202929019928 47.0
255.3541738986969 46.0
255.58550143241882 42.0
255.82025957107544 48.0
256.0534279346466 48.0
256.28141736984253 49.0
256.47221875190735 52.0
256.6479103565216 54.0
256.828204870224 54.0
257.0167727470398 56.0
257.1991066932678 60.0
257.38481640815735 67.0
257.5686843395233 68.0
257.7731068134308 71.0
258.0179672241211 74.0
258.20322704315186 79.0
258.3865611553192 89.0
258.7651562690735 98.0
258.9979283809662 98.0
259.22994446754456 97.0
259.69529700279236 94.0
260.381290435791 97.0
260.5786428451538 97.0
261.0011742115021 98.0
261.2437379360199 98.0
261.4877390861511 98.0
261.7294509410858 98.0
262.3789813518524 95.0
262.6249313354492 101.0
262.86816906929016 101.0
263.0728647708893 98.0
263.29521203041077 93.0
263.75995445251465 98.0
263.99602222442627 98.0
266.44035935401917 33.0
266.6231279373169 34.0
266.80875396728516 37.0
266.99672293663025 39.0
268.80624651908875 37.0
268.99441957473755 36.0
269.40987968444824 35.0
269.5918538570404 33.0
270.2688784599304 30.0
270.51768684387207 33.0
270.7521631717682 35.0
271.0004332065582 30.0
271.2429406642914 24.0
271.47514605522156 28.0
271.7109341621399 21.0
271.9413719177246 17.0
272.17110776901245 15.0
272.41060757637024 7.0
272.6573190689087 2.0
272.8915984630585 26.0
273.130250453949 24.0
273.37024331092834 20.0
442.3089802265167 -16.0
442.55955028533936 -16.0
442.8011121749878 -11.0
443.04464530944824 -12.0
443.2790524959564 -11.0
443.4952030181885 -12.0
443.68145728111267 -15.0
443.8640193939209 -16.0
444.0536575317383 -17.0
444.28861784935 -18.0
444.537793636322 -19.0
444.78487515449524 -20.0
445.0336666107178 1.0
445.2755126953125 1.0
445.50059175491333 -18.0
445.7060022354126 -18.0
445.9383137226105 -18.0
446.20418906211853 -16.0
446.458708524704 -16.0
446.6721103191376 -32.0
446.86265325546265 -34.0
447.11043906211853 -27.0
447.34881567955017 -17.0
447.5824701786041 -21.0
447.8138701915741 4.0
