10.65282392501831 -14.0
11.602402448654175 -8.0
11.783857822418213 -21.0
11.960641145706177 -21.0
12.134499311447144 -5.0
12.8550705909729 -2.0
13.02841854095459 3.0
13.19648790359497 2.0
13.672139167785645 -1.0
13.905343770980835 0.0
14.104549884796143 1.0
14.317724466323853 3.0
14.55468225479126 1.0
14.75037431716919 1.0
14.930662155151367 -8.0
15.110222339630127 -9.0
15.288984060287476 3.0
15.471718311309814 3.0
15.653709173202515 4.0
15.845090389251709 3.0
16.029314279556274 -2.0
16.207157135009766 -1.0
16.38811469078064 -3.0
16.56523585319519 1.0
17.000997304916382 0.0
17.1806583404541 2.0
17.362322330474854 1.0
17.543652534484863 0.0
17.7296040058136 2.0
17.911155462265015 0.0
18.09323477745056 0.0
18.27580189704895 2.0
18.45914053916931 3.0
18.64175820350647 2.0
19.011735916137695 1.0
19.193017959594727 0.0
19.418087244033813 1.0
19.657472372055054 0.0
19.881702423095703 0.0
20.06109309196472 -17.0
20.430506706237793 -13.0
20.660955905914307 -4.0
20.84023666381836 -4.0
21.008556604385376 -19.0
21.33373236656189 -6.0
21.48771095275879 -12.0
21.646220207214355 -17.0
21.809295892715454 -18.0
22.152758836746216 -17.0
22.332489013671875 -15.0
22.509710550308228 -3.0
22.68525242805481 -4.0
23.007688522338867 -4.0
23.19310188293457 -4.0
23.368090867996216 -4.0
23.54771113395691 -4.0
23.872166633605957 -4.0
24.05231022834778 -4.0
24.44143295288086 -3.0
24.8738853931427 -1.0
25.06768560409546 -1.0
25.298596143722534 -1.0
25.530821084976196 0.0
25.997734308242798 -1.0
26.23403310775757 -2.0
26.472582817077637 -2.0
26.70790433883667 -2.0
27.08823585510254 -3.0
27.319653749465942 -2.0
27.553636074066162 -3.0
27.780332326889038 -3.0
28.237691164016724 -3.0
28.465061902999878 -5.0
28.6648166179657 -3.0
29.3134925365448 1.0
29.544760704040527 -13.0
29.77445650100708 -17.0
30.003863096237183 -8.0
31.091115951538086 0.0
32.734660387039185 -3.0
33.12405514717102 -1.0
33.314122676849365 -4.0
33.67244100570679 -6.0
33.85545516014099 -6.0
34.22728133201599 -2.0
34.548847675323486 -5.0
35.74628257751465 -18.0
36.05379390716553 -20.0
36.23946952819824 -21.0
36.566466093063354 -35.0
36.74986791610718 -41.0
37.11966156959534 -14.0
37.28243589401245 -12.0
37.460142374038696 -13.0
37.62906813621521 -11.0
37.99736261367798 -11.0
38.230751752853394 -9.0
38.457611083984375 -10.0
38.66686010360718 -25.0
38.86342406272888 -11.0
39.062424659729004 -25.0
39.30476689338684 -10.0
39.53945231437683 -10.0
39.77680516242981 -10.0
40.243661403656006 -14.0
40.480849504470825 -11.0
40.72072410583496 -14.0
40.95676040649414 -15.0
41.19123435020447 -16.0
41.42727875709534 -17.0
41.66623067855835 -17.0
41.907182455062866 -15.0
42.47051191329956 -27.0
42.65319204330444 -31.0
42.885576486587524 -17.0
43.069021463394165 -15.0
43.42085909843445 -16.0
43.66473150253296 -15.0
43.89319682121277 -15.0
44.12061142921448 -33.0
44.583253622055054 -36.0
44.78920793533325 -36.0
45.02553129196167 -50.0
45.24536657333374 -38.0
45.78890371322632 -31.0
46.030025243759155 -26.0
46.256800413131714 -25.0
46.68390202522278 -22.0
46.87133026123047 -6.0
47.05537962913513 -7.0
47.23423957824707 -20.0
47.44005036354065 -23.0
47.67245602607727 -18.0
47.90690779685974 -16.0
48.084643602371216 0.0
48.24508237838745 -14.0
48.59210181236267 -11.0
48.77195954322815 -14.0
48.959229469299316 -10.0
49.139580965042114 -26.0
49.51308798789978 -7.0
49.695921421051025 -7.0
49.87766742706299 -7.0
50.43909764289856 -5.0
50.62145972251892 -6.0
50.80455946922302 -4.0
50.98064637184143 -4.0
51.69620323181152 -4.0
51.87646245956421 -4.0
52.3323917388916 -12.0
52.56254529953003 -10.0
52.80513572692871 3.0
54.090373039245605 12.0
54.50465393066406 15.0
54.69454264640808 21.0
58.56641602516174 44.0
58.802696228027344 45.0
58.99755883216858 43.0
59.664448976516724 51.0
60.020015478134155 61.0
60.20365023612976 45.0
61.54151439666748 8.0
61.75192832946777 10.0
63.23230481147766 -46.0
63.407716274261475 -48.0
63.579243421554565 -46.0
63.752050161361694 -45.0
63.927650690078735 -43.0
64.12109398841858 -41.0
64.29706072807312 -40.0
65.93885636329651 -28.0
66.11645364761353 -1.0
66.34650540351868 1.0
66.80605030059814 2.0
67.00618982315063 2.0
67.18781447410583 2.0
67.36448121070862 4.0
67.54648447036743 -10.0
67.73171591758728 -8.0
67.92561411857605 -5.0
68.10059261322021 12.0
68.2799084186554 5.0
68.45544719696045 7.0
68.63465523719788 8.0
68.81894278526306 10.0
68.99765920639038 12.0
69.19990611076355 11.0
69.43336606025696 16.0
69.66022825241089 15.0
69.90004825592041 21.0
70.13005757331848 21.0
70.3574206829071 21.0
70.58460021018982 21.0
70.8116807937622 26.0
71.04349493980408 25.0
71.27995657920837 27.0
71.51840615272522 28.0
71.75446081161499 37.0
71.98362445831299 32.0
72.38118052482605 37.0
72.60656881332397 37.0
72.82749819755554 40.0
73.92225384712219 58.0
74.15131425857544 62.0
74.37810039520264 61.0
74.6122670173645 56.0
74.82672357559204 56.0
75.03139400482178 66.0
75.21517944335938 68.0
75.44308161735535 70.0
75.67858457565308 75.0
75.86147975921631 76.0
76.03825235366821 79.0
76.2166121006012 92.0
76.39167332649231 93.0
76.5725450515747 105.0
76.77470636367798 108.0
77.2012677192688 105.0
77.38206028938293 102.0
77.5627658367157 98.0
77.74148631095886 89.0
78.1951687335968 87.0
78.36948609352112 84.0
79.17842316627502 44.0
79.35128998756409 32.0
79.51097464561462 28.0
79.66717267036438 25.0
79.8378803730011 -1.0
80.0056881904602 -7.0
80.16586804389954 -6.0
80.3238377571106 -2.0
80.47745752334595 -3.0
80.66539406776428 -5.0
80.84300518035889 -8.0
81.01860427856445 -10.0
81.22414231300354 -10.0
81.46233868598938 -12.0
81.70080471038818 -12.0
81.93032169342041 -13.0
82.1652979850769 -12.0
82.3646388053894 -13.0
82.60233688354492 -13.0
82.78638577461243 -13.0
82.98163676261902 -13.0
83.18400716781616 -13.0
83.42136335372925 -15.0
83.65702056884766 -13.0
83.88985872268677 -15.0
84.12736439704895 4.0
84.36122298240662 -6.0
84.59796285629272 0.0
84.82962203025818 -3.0
85.02589511871338 -10.0
85.2803807258606 -18.0
85.51130604743958 -23.0
85.72573637962341 -23.0
85.90213465690613 -23.0
86.10077118873596 -23.0
86.28400135040283 -23.0
86.47421622276306 -23.0
86.70921969413757 -123.0
86.9428129196167 -124.0
87.17669224739075 -125.0
133.89575719833374 -77.0
134.0736162662506 -109.0
134.26123142242432 -112.0
134.44004797935486 -115.0
134.67667722702026 -118.0
134.8937749862671 -118.0
135.08117151260376 -115.0
135.26133251190186 -50.0
135.44103908538818 -118.0
135.62247109413147 -119.0
135.85985136032104 -50.0
136.0978708267212 -115.0
136.33687567710876 -118.0
136.56827330589294 -51.0
136.80446410179138 -118.0
136.986807346344 -119.0
137.1601345539093 -113.0
137.4024851322174 -119.0
137.6369423866272 -122.0
137.86281490325928 -122.0
138.0522587299347 -120.0
138.23293352127075 -112.0
138.41572618484497 -48.0
139.0269148349762 -96.0
139.20696759223938 -95.0
139.44229674339294 -91.0
139.62275528907776 -87.0
139.8313181400299 -69.0
140.01462602615356 -67.0
140.25150322914124 -58.0
140.43885326385498 -39.0
140.62492442131042 -33.0
140.80263924598694 -29.0
141.03811836242676 -25.0
141.23150324821472 -19.0
141.41615080833435 1.0
141.60795211791992 11.0
141.78613948822021 10.0
142.0125434398651 16.0
142.25000548362732 35.0
142.48650860786438 37.0
142.72033834457397 43.0
142.9061176776886 46.0
143.08761382102966 56.0
143.29550004005432 50.0
143.49405217170715 55.0
143.7205467224121 46.0
143.9072380065918 46.0
144.08344960212708 54.0
144.31666207313538 65.0
144.54808473587036 67.0
144.76132988929749 77.0
144.95246839523315 84.0
145.14659357070923 87.0
145.3417432308197 94.0
145.5791835784912 96.0
146.00299215316772 103.0
146.1847107410431 111.0
146.36064648628235 122.0
146.54060626029968 125.0
146.72784447669983 126.0
146.91573452949524 127.0
147.09704399108887 132.0
147.27053904533386 125.0
147.46275353431702 128.0
147.6417772769928 131.0
147.80342268943787 137.0
147.95213150978088 137.0
148.1071674823761 145.0
148.28411293029785 137.0
148.4840853214264 138.0
148.66138195991516 138.0
148.81175923347473 139.0
149.1341211795807 139.0
149.29779934883118 139.0
149.4560582637787 139.0
149.6162691116333 140.0
150.71638178825378 138.0
150.89834022521973 134.0
151.10630917549133 131.0
152.03070735931396 126.0
152.20974564552307 126.0
152.39757251739502 124.0
152.5849266052246 125.0
152.80165839195251 89.0
153.03047466278076 84.0
153.26468682289124 83.0
153.72666573524475 25.0
153.96279311180115 25.0
154.1965036392212 26.0
154.4001293182373 28.0
154.58207082748413 31.0
154.76049375534058 34.0
154.9427227973938 30.0
155.12471866607666 32.0
155.30629348754883 30.0
155.48446369171143 29.0
155.663724899292 16.0
155.84272360801697 13.0
156.02448749542236 -3.0
156.20609521865845 13.0
156.385977268219 -11.0
156.57065963745117 -6.0
156.770352602005 -22.0
156.99726128578186 -26.0
157.2287631034851 -30.0
157.45610928535461 -35.0
157.66637015342712 -40.0
157.9005205631256 -47.0
158.10374855995178 -61.0
158.2838978767395 -60.0
158.46964359283447 -72.0
158.70097136497498 -84.0
158.93561434745789 -86.0
159.16673517227173 -87.0
159.40211367607117 -88.0
159.63867783546448 -87.0
159.84456658363342 -88.0
160.03358435630798 -88.0
160.21576118469238 -89.0
160.39729166030884 -89.0
160.5735583305359 -89.0
160.80225777626038 -89.0
161.03155326843262 -89.0
161.25954484939575 -89.0
161.4475269317627 -88.0
161.6324908733368 -86.0
161.82144021987915 -87.0
162.0178575515747 -88.0
162.20023918151855 -91.0
162.61370253562927 -92.0
162.84270811080933 -89.0
163.12381172180176 -58.0
163.35041403770447 -83.0
163.5910246372223 -63.0
163.78915214538574 -35.0
163.9710509777069 -38.0
164.14504861831665 -34.0
164.3319113254547 -30.0
164.5224347114563 -25.0
164.70523619651794 -23.0
164.8864221572876 -18.0
165.06401872634888 -1.0
165.2471363544464 5.0
165.4245102405548 11.0
165.5956118106842 19.0
165.77533411979675 21.0
165.99813890457153 39.0
166.21322226524353 60.0
166.44449758529663 67.0
166.67621326446533 69.0
166.86705899238586 68.0
167.05561590194702 70.0
167.25562691688538 66.0
167.48320245742798 72.0
167.70496892929077 75.0
167.94516348838806 74.0
168.18327283859253 74.0
168.42485308647156 74.0
168.654709815979 75.0
168.88029623031616 76.0
169.1105923652649 79.0
169.3438036441803 78.0
169.578551530838 78.0
169.81673431396484 83.0
170.00616693496704 79.0
170.18741726875305 83.0
170.37314295768738 83.0
170.57355046272278 83.0
170.775475025177 83.0
171.00100016593933 64.0
171.22609639167786 64.0
171.40787196159363 89.0
171.58860731124878 90.0
171.76479697227478 91.0
171.98476481437683 91.0
172.2201611995697 92.0
172.4567630290985 93.0
172.69714951515198 72.0
172.92741465568542 73.0
173.15474700927734 73.0
173.3371455669403 73.0
173.5696246623993 75.0
173.7966387271881 76.0
174.03029775619507 76.0
174.26129627227783 116.0
174.49330186843872 119.0
174.72184920310974 106.0
174.95305252075195 103.0
175.1852376461029 105.0
175.42034125328064 117.0
175.65185832977295 103.0
175.8741490840912 115.0
176.05261063575745 116.0
176.23145699501038 116.0
176.41100907325745 112.0
176.5964059829712 100.0
176.7756130695343 95.0
177.0101397037506 93.0
177.2408754825592 67.0
177.4731960296631 91.0
177.70684099197388 67.0
177.9102761745453 68.0
178.07926535606384 115.0
178.23646640777588 116.0
178.41083908081055 95.0
178.58642315864563 105.0
178.75823760032654 111.0
178.91045761108398 87.0
179.06800985336304 85.0
179.2248284816742 85.0
179.39270567893982 96.0
179.56678915023804 99.0
179.73886466026306 99.0
179.90184879302979 87.0
180.07920789718628 81.0
180.26257419586182 78.0
180.43720245361328 74.0
180.59095978736877 60.0
180.77640676498413 54.0
180.96384739875793 61.0
181.12011218070984 50.0
181.27813172340393 47.0
181.45067405700684 46.0
181.63283491134644 46.0
181.81706833839417 45.0
182.04400062561035 40.0
182.28195881843567 36.0
182.51601481437683 34.0
182.74794554710388 26.0
182.95564889907837 22.0
183.137512922287 21.0
183.3272409439087 17.0
183.5594403743744 21.0
183.78426361083984 14.0
183.9688823223114 11.0
184.20180988311768 18.0
184.38658165931702 0.0
184.56326484680176 1.0
184.74595737457275 -14.0
184.97893929481506 -16.0
185.1943018436432 -14.0
185.37870812416077 -13.0
185.5628800392151 -12.0
185.75900268554688 -12.0
185.94121646881104 -12.0
186.11620163917542 -12.0
186.29613256454468 -13.0
186.5222601890564 -14.0
186.75076031684875 -12.0
186.98374557495117 -13.0
187.20846390724182 -1.0
187.40805339813232 0.0
187.6440885066986 -1.0
187.87896251678467 -5.0
188.10502338409424 -18.0
188.28610062599182 -23.0
188.46656441688538 -29.0
188.6434142589569 -33.0
188.87375330924988 -18.0
189.10077476501465 -42.0
189.32326984405518 -23.0
189.50372529029846 -45.0
189.68603920936584 -30.0
190.04469323158264 -64.0
190.80152773857117 -89.0
191.03623032569885 -95.0
191.26439809799194 -119.0
191.49381566047668 -124.0
191.7179811000824 -123.0
191.94631695747375 -121.0
192.16817498207092 -118.0
192.39978313446045 -117.0
192.62808918952942 -117.0
192.85408878326416 -117.0
193.00784754753113 -118.0
193.17179703712463 -119.0
193.34517168998718 -121.0
193.52401423454285 -121.0
193.6959412097931 -123.0
193.8610327243805 -123.0
194.0151572227478 -121.0
194.20124578475952 -122.0
194.37722635269165 -122.0
194.55195236206055 -122.0
194.72502207756042 -121.0
194.90884971618652 -120.0
195.07994937896729 -118.0
195.2685878276825 -119.0
195.45509886741638 -119.0
195.6358196735382 -119.0
195.81518602371216 -117.0
195.98700857162476 -117.0
196.159574508667 -117.0
196.32959985733032 -117.0
196.5057144165039 -116.0
196.68588280677795 -114.0
196.87100529670715 -115.0
197.062420129776 -114.0
197.24116802215576 -115.0
197.41904759407043 -115.0
197.69130849838257 -111.0
197.87226605415344 -115.0
198.05603861808777 -114.0
198.23681139945984 -114.0
198.41326212882996 -113.0
198.62190127372742 -109.0
199.67769145965576 -102.0
203.46176624298096 -114.0
203.64921069145203 -115.0
203.83066534996033 -109.0
204.82928586006165 -74.0
205.4255063533783 -51.0
205.60091018676758 -50.0
205.77784276008606 -49.0
205.95817470550537 -29.0
206.13824105262756 -24.0
206.32125425338745 -21.0
206.72695803642273 -12.0
206.91113305091858 1.0
207.5694899559021 30.0
208.56720113754272 30.0
212.38227033615112 55.0
214.25267601013184 29.0
214.48779845237732 28.0
214.72331762313843 13.0
214.96088790893555 10.0
215.20279335975647 20.0
215.41462779045105 17.0
215.5934977531433 13.0
215.7723081111908 9.0
215.95431303977966 -2.0
216.5048475265503 -20.0
218.6356909275055 -41.0
218.81467843055725 -42.0
218.99552512168884 -41.0
219.35614347457886 -42.0
219.5392804145813 -42.0
219.71515440940857 -42.0
219.9402196407318 -47.0
220.3065962791443 -51.0
220.49022340774536 -43.0
220.67035698890686 -41.0
220.85254192352295 -39.0
222.3408761024475 -51.0
222.52055072784424 -50.0
222.71811079978943 -49.0
222.8988745212555 -48.0
223.08652353286743 -43.0
223.28117275238037 -40.0
223.43245363235474 1.0
223.61787724494934 -33.0
223.786288022995 -8.0
223.9672749042511 -14.0
224.36338567733765 7.0
224.5695722103119 17.0
225.3301820755005 58.0
225.69856715202332 54.0
226.64685010910034 64.0
226.85855889320374 65.0
227.0875689983368 67.0
227.3159155845642 67.0
227.4946596622467 68.0
227.72541451454163 66.0
227.95112204551697 57.0
228.17962193489075 56.0
228.35716032981873 60.0
228.58475041389465 57.0
229.0221927165985 64.0
229.2575023174286 62.0
229.72688722610474 57.0
229.96452498435974 65.0
230.2006766796112 71.0
230.4017243385315 63.0
230.94757056236267 52.0
231.18875074386597 74.0
231.42072653770447 50.0
231.65995359420776 68.0
231.88701796531677 68.0
232.07595705986023 69.0
232.25539350509644 71.0
232.43411231040955 71.0
232.6694986820221 72.0
232.8831913471222 73.0
233.06890487670898 75.0
233.24796056747437 76.0
233.42776584625244 77.0
233.60839533805847 78.0
233.78897833824158 78.0
234.20954251289368 80.0
235.3985743522644 99.0
235.5779800415039 99.0
235.91272068023682 95.0
238.5953516960144 76.0
239.57207489013672 72.0
240.3512008190155 66.0
240.823082447052 46.0
241.00646018981934 43.0
241.18763184547424 40.0
241.36050128936768 38.0
241.70995903015137 38.0
241.89674282073975 30.0
242.9056911468506 18.0
243.07510375976562 21.0
243.2555112838745 18.0
243.43397998809814 3.0
243.77595973014832 12.0
243.9497709274292 13.0
244.12412095069885 13.0
244.29567050933838 -4.0
244.4789867401123 15.0
244.65798926353455 15.0
244.85321378707886 15.0
245.0385320186615 15.0
245.20974206924438 21.0
246.0671980381012 17.0
246.2562870979309 11.0
246.43627524375916 19.0
246.61724185943604 16.0
246.80064010620117 18.0
247.05578136444092 15.0
247.28248572349548 20.0
247.49812173843384 19.0
247.677565574646 23.0
247.86363124847412 21.0
248.0453085899353 22.0
248.22752976417542 22.0
248.44552731513977 22.0
248.62655329704285 23.0
248.8139455318451 24.0
249.04926705360413 22.0
249.28453707695007 25.0
249.51998257637024 24.0
249.75660872459412 28.0
249.99411487579346 29.0
250.17298674583435 25.0
250.3527112007141 27.0
250.56843543052673 27.0
250.7756655216217 26.0
250.9827721118927 26.0
251.2097954750061 26.0
251.4059817790985 29.0
251.58821964263916 26.0
251.76879048347473 27.0
251.94268202781677 27.0
252.11884880065918 27.0
252.29635787010193 36.0
252.5311245918274 30.0
252.76492929458618 28.0
252.9697813987732 29.0
253.19949054718018 37.0
253.38527846336365 37.0
253.5674970149994 37.0
253.75112771987915 34.0
253.9334111213684 35.0
254.11018252372742 36.0
254.29068970680237 36.0
254.51745867729187 33.0
254.69843888282776 35.0
254.88214659690857 33.0
255.07143640518188 34.0
255.30856204032898 36.0
255.54768586158752 36.0
255.78172254562378 36.0
255.96551609039307 34.0
256.2022223472595 34.0
256.3832700252533 32.0
256.6183547973633 33.0
256.8441197872162 30.0
257.04298758506775 27.0
257.2250578403473 37.0
257.4395217895508 34.0
257.6171519756317 28.0
257.79209065437317 28.0
257.9815049171448 28.0
258.16423773765564 29.0
258.3454029560089 33.0
258.5466277599335 29.0
258.7274043560028 30.0
258.90447473526 30.0
259.0628707408905 35.0
259.2495274543762 34.0
259.4323265552521 31.0
259.6080787181854 31.0
259.7834634780884 31.0
259.937926530838 31.0
260.09224367141724 35.0
260.24568247795105 34.0
260.43534421920776 32.0
260.6213777065277 31.0
260.7964200973511 34.0
260.9763340950012 34.0
261.1550097465515 33.0
261.3353953361511 33.0
261.5105085372925 33.0
261.6933844089508 33.0
261.93656158447266 34.0
262.1756098270416 40.0
262.4081754684448 40.0
262.58607029914856 31.0
262.947185754776 -26.0
263.1269209384918 -2.0
263.3117530345917 -1.0
263.5738294124603 1.0
265.77004194259644 -34.0
265.96999859809875 -34.0
266.17849040031433 -34.0
266.4054310321808 -36.0
266.6089663505554 -35.0
266.87323093414307 -35.0
267.1361539363861 -36.0
267.34979939460754 -36.0
267.54006934165955 -39.0
267.72226333618164 -37.0
267.9403386116028 -36.0
268.177316904068 -37.0
268.41499733924866 -35.0
268.65559554100037 -36.0
268.8572425842285 -35.0
269.07208037376404 -35.0
269.25835847854614 -36.0
269.4363145828247 -35.0
269.61878728866577 -36.0
269.84599208831787 0.0
270.07576966285706 0.0
270.3005020618439 -33.0
270.51662158966064 -32.0
270.6974267959595 -31.0
270.87636280059814 0.0
271.1066188812256 1.0
271.29081988334656 -32.0
271.48023414611816 -33.0
271.7154071331024 -37.0
271.92914748191833 -1.0
272.10959029197693 -2.0
272.288987159729 -2.0
272.46797013282776 -2.0
272.6233232021332 -39.0
272.8007085323334 -40.0
273.2455599308014 -41.0
274.20479106903076 -43.0
275.15453124046326 -44.0
276.10978984832764 -45.0
277.09684681892395 -45.0
277.87353515625 -52.0
278.05070185661316 -52.0
278.23256254196167 -52.0
278.8107500076294 -53.0
279.2626602649689 -53.0
279.6220188140869 -54.0
279.84152150154114 -55.0
280.0712459087372 -56.0
291.240362405777 -24.0
291.88027024269104 -6.0
293.3169345855713 47.0
293.4879379272461 46.0
293.7373294830322 49.0
294.04574036598206 50.0
294.34838938713074 49.0
294.6107556819916 48.0
294.844110250473 46.0
295.0775361061096 41.0
295.3974995613098 46.0
295.67493653297424 47.0
295.88597440719604 47.0
296.15260672569275 51.0
296.43369817733765 49.0
296.6935954093933 50.0
297.0234942436218 49.0
297.27433681488037 41.0
297.5431880950928 56.0
297.73147797584534 49.0
297.92958331108093 49.0
298.12039017677307 50.0
298.31660866737366 42.0
298.51875472068787 65.0
298.713125705719 62.0
298.9005835056305 62.0
299.0602340698242 60.0
299.2383086681366 55.0
299.41720247268677 71.0
299.6310818195343 65.0
299.81320571899414 65.0
299.99111890792847 65.0
300.17492485046387 62.0
300.36497616767883 71.0
300.5954930782318 66.0
300.8235914707184 67.0
301.05321502685547 67.0
301.2868621349335 67.0
301.4904911518097 68.0
301.7002890110016 69.0
301.93039298057556 72.0
302.1407558917999 72.0
302.3260326385498 72.0
302.5149579048157 75.0
302.70498919487 73.0
302.90626549720764 73.0
303.09149527549744 73.0
303.2721905708313 74.0
303.4513113498688 83.0
303.63128757476807 82.0
303.80757761001587 79.0
303.9851539134979 73.0
304.16514468193054 60.0
304.3712396621704 59.0
304.6070566177368 45.0
304.82536220550537 37.0
305.00509428977966 29.0
305.18657326698303 25.0
305.3607985973358 27.0
305.58381271362305 19.0
305.8205633163452 14.0
306.0336983203888 7.0
306.213271856308 9.0
306.3945424556732 -3.0
306.62566328048706 9.0
306.86656427383423 2.0
307.10269045829773 1.0
307.3375623226166 0.0
307.5636975765228 -22.0
307.76162672042847 -30.0
307.93800234794617 -4.0
308.1224265098572 -4.0
308.3249456882477 -4.0
308.56010603904724 -31.0
308.7936763763428 -5.0
308.97384309768677 -4.0
309.1553463935852 -4.0
309.33856678009033 -6.0
309.56949257850647 -33.0
309.7478756904602 -7.0
309.93322229385376 -2.0
310.1279265880585 -1.0
310.3290421962738 -10.0
310.56501364707947 -32.0
310.76585388183594 -12.0
310.9487814903259 -4.0
311.13906598091125 -36.0
311.3746061325073 -39.0
311.95033288002014 -37.0
312.9098377227783 -38.0
314.148628950119 -38.0
315.0627615451813 -37.0
316.0564799308777 -37.0
316.57112407684326 -44.0
316.7338373661041 -39.0
316.8871154785156 -40.0
317.0704867839813 -40.0
317.2618799209595 -41.0
317.4398055076599 -103.0
317.6204478740692 -43.0
317.8142170906067 -44.0
317.99809098243713 -44.0
318.18496108055115 -44.0
318.36866521835327 -48.0
318.5401179790497 -44.0
318.7235782146454 -44.0
318.9526824951172 -44.0
319.18576288223267 -44.0
319.4189646244049 -44.0
319.6586675643921 -65.0
319.8944344520569 -62.0
320.1324682235718 -73.0
320.36627221107483 -65.0
320.55715560913086 -44.0
320.7377302646637 -37.0
320.9168391227722 -34.0
321.1050338745117 -30.0
321.28317427635193 -20.0
321.48449635505676 -16.0
321.66627502441406 -13.0
321.8426697254181 -7.0
322.0418612957001 3.0
322.2690670490265 8.0
322.45172214508057 12.0
322.62941908836365 16.0
322.8773236274719 26.0
323.05907011032104 28.0
323.29124784469604 28.0
323.48256826400757 29.0
323.66847252845764 36.0
323.86241459846497 37.0
324.09928822517395 41.0
324.33732509613037 40.0
324.5728611946106 40.0
324.7875964641571 31.0
324.9835147857666 31.0
325.2220501899719 32.0
325.4594819545746 39.0
325.67017817497253 37.0
325.8532998561859 39.0
326.0334851741791 38.0
326.2453110218048 38.0
326.47782158851624 38.0
326.7089853286743 35.0
326.8987956047058 37.0
327.1354115009308 32.0
327.37034583091736 32.0
327.5590648651123 31.0
327.74139618873596 35.0
327.89798641204834 32.0
328.0512385368347 35.0
328.2362368106842 35.0
328.39945578575134 35.0
328.55079221725464 35.0
328.7361831665039 31.0
328.9175729751587 32.0
329.1303880214691 36.0
329.3162531852722 37.0
329.49575686454773 34.0
329.6790130138397 37.0
329.8610246181488 33.0
330.0441093444824 34.0
330.27985978126526 36.0
330.5168197154999 36.0
330.7543091773987 39.0
330.9950125217438 34.0
331.2301049232483 35.0
331.46307849884033 36.0
331.69159030914307 36.0
331.88289523124695 35.0
332.1145257949829 35.0
332.34174132347107 35.0
332.5820150375366 34.0
332.7609474658966 35.0
332.9405529499054 34.0
333.12857007980347 35.0
333.31645822525024 37.0
333.49708366394043 29.0
333.68093848228455 30.0
333.8593204021454 29.0
334.0393810272217 35.0
334.2604706287384 29.0
334.43593764305115 28.0
334.61673521995544 30.0
334.8544189929962 28.0
335.083370923996 29.0
335.27116084098816 29.0
335.49685525894165 37.0
335.68852257728577 35.0
335.8701403141022 36.0
336.0975649356842 34.0
336.33565163612366 35.0
336.56341075897217 34.0
336.79145073890686 36.0
336.97821140289307 37.0
337.1558735370636 41.0
337.34318494796753 41.0
337.57804703712463 40.0
337.80911445617676 38.0
337.99106645584106 39.0
338.18438172340393 40.0
338.4158720970154 35.0
338.6496362686157 43.0
338.88348031044006 45.0
339.11155009269714 44.0
339.3386981487274 36.0
339.569043636322 36.0
339.7985043525696 35.0
340.0235424041748 38.0
340.2303276062012 35.0
340.4105474948883 44.0
340.5877056121826 36.0
340.7639465332031 44.0
340.9384834766388 40.0
341.1158175468445 40.0
341.2882640361786 41.0
341.4655981063843 45.0
341.6478660106659 39.0
341.83679485321045 44.0
342.0106725692749 39.0
342.94443106651306 33.0
343.78690481185913 25.0
344.1624219417572 19.0
344.3441495895386 21.0
344.5229344367981 9.0
344.6994755268097 2.0
344.8861253261566 -3.0
345.06322383880615 -6.0
345.236962556839 -8.0
345.41596007347107 -18.0
345.62381386756897 -21.0
345.85237765312195 -23.0
346.0814845561981 -26.0
346.3150691986084 -31.0
346.54375767707825 -32.0
346.77656865119934 -33.0
347.0035011768341 -35.0
347.23445439338684 -39.0
347.470751285553 -45.0
347.6906797885895 -41.0
347.9247076511383 -41.0
348.15774846076965 -40.0
348.3727116584778 -39.0
348.60133028030396 -41.0
348.8349220752716 -38.0
349.0672688484192 -37.0
349.29732751846313 -37.0
349.58805322647095 -37.0
349.8257534503937 -38.0
350.0614755153656 -36.0
350.2844169139862 -36.0
350.4616107940674 -36.0
350.67611742019653 -35.0
350.85706543922424 -36.0
351.0896728038788 -34.0
351.3266530036926 -34.0
351.56375002861023 -33.0
351.7903199195862 -33.0
351.9695613384247 -34.0
352.15407395362854 -33.0
352.34655356407166 -33.0
352.53285098075867 -33.0
352.76173281669617 -33.0
352.99039673805237 -34.0
353.22059321403503 -33.0
353.44704031944275 -33.0
353.64577054977417 -34.0
353.82606053352356 -34.0
354.06292629241943 -35.0
354.26495003700256 -34.0
354.44800329208374 -34.0
354.63561487197876 -35.0
354.8450586795807 -36.0
355.02274775505066 -39.0
355.20203256607056 -37.0
355.3929281234741 -37.0
355.5577063560486 -37.0
355.7116928100586 -36.0
355.86148023605347 -36.0
356.0202286243439 -34.0
356.1707491874695 -33.0
356.35819458961487 -33.0
356.54238724708557 -31.0
356.71974754333496 -29.0
356.90042209625244 -31.0
357.07894492149353 -29.0
357.26926589012146 -27.0
357.45093727111816 -26.0
357.63240933418274 -22.0
357.8186001777649 -25.0
357.99847769737244 -25.0
358.70800280570984 -24.0
359.592547416687 -24.0
360.15478897094727 -19.0
360.37421011924744 -18.0
360.6027545928955 -15.0
360.8351309299469 -17.0
361.0674104690552 -17.0
361.2998068332672 -16.0
361.53430247306824 -20.0
361.76793360710144 -20.0
361.99686193466187 -24.0
362.18990540504456 -27.0
362.42514538764954 -26.0
362.65254306793213 -28.0
362.8797264099121 -29.0
363.1090965270996 -29.0
363.3338899612427 -29.0
363.5614881515503 -27.0
363.78844451904297 -29.0
364.0070381164551 -28.0
364.1889774799347 -28.0
364.36838841438293 -28.0
364.5482702255249 -27.0
364.7827925682068 -28.0
364.9940724372864 -28.0
365.1723802089691 -28.0
365.34955167770386 -28.0
365.57990431785583 -27.0
365.814945936203 -24.0
366.03919291496277 -23.0
366.21809220314026 -21.0
366.39990878105164 -17.0
366.62855434417725 -16.0
366.8243246078491 -14.0
367.00374245643616 -7.0
367.1855239868164 -3.0
367.36611890792847 -3.0
367.5520269870758 -2.0
367.7786371707916 -2.0
367.9825506210327 0.0
368.21589756011963 1.0
368.50635528564453 -1.0
368.8229649066925 -1.0
369.13956570625305 0.0
369.4559416770935 0.0
369.76767110824585 0.0
370.0090935230255 0.0
370.24311661720276 0.0
370.4524643421173 0.0
370.6523241996765 -2.0
370.8606460094452 -1.0
371.12275743484497 -3.0
371.35626435279846 -2.0
371.5554599761963 -4.0
371.75562357902527 -7.0
371.9543466567993 -5.0
372.2262270450592 -9.0
372.71342730522156 -11.0
373.698579788208 -10.0
374.6685690879822 -14.0
375.65628457069397 -14.0
376.5271427631378 -15.0
377.2745850086212 -16.0
377.45193433761597 -16.0
377.6286587715149 -16.0
377.8225300312042 -16.0
377.98370718955994 -18.0
378.1429634094238 -19.0
378.3143484592438 -21.0
378.49308466911316 -19.0
378.6740674972534 -23.0
378.84852623939514 -1.0
379.00173473358154 -24.0
379.16053771972656 -24.0
379.33211159706116 -33.0
379.5073444843292 -47.0
379.6777985095978 -8.0
379.8486678600311 -14.0
380.0365490913391 -3.0
