1.6687572002410889 -98.0
1.8772330284118652 -94.0
2.0603272914886475 -95.0
2.2542550563812256 -93.0
2.448596715927124 -92.0
2.6481130123138428 -88.0
3.0301108360290527 -88.0
3.293675661087036 -85.0
3.5632879734039307 -90.0
4.114057540893555 -58.0
4.3546462059021 -22.0
4.594038724899292 26.0
4.834598779678345 22.0
5.074846982955933 8.0
5.320719242095947 38.0
5.551828145980835 64.0
5.804612874984741 94.0
6.056009292602539 125.0
6.2922680377960205 96.0
7.545376777648926 115.0
7.8907470703125 132.0
8.147261142730713 131.0
8.430336952209473 130.0
8.74057936668396 113.0
9.031544208526611 116.0
9.337043285369873 124.0
9.684642314910889 88.0
10.00459909439087 69.0
10.339612245559692 61.0
10.698819875717163 63.0
11.050046920776367 78.0
11.301689624786377 27.0
11.553580522537231 8.0
11.837785005569458 -22.0
12.202282428741455 -57.0
12.471320390701294 -58.0
12.784931182861328 -56.0
13.107384204864502 -57.0
13.380571842193604 -57.0
13.739880323410034 -57.0
14.033933877944946 -58.0
14.330291986465454 -59.0
14.627028465270996 -61.0
14.979246616363525 -65.0
15.274724245071411 -70.0
15.578747510910034 -71.0
15.878798246383667 -83.0
16.231379508972168 -72.0
16.536003351211548 -76.0
17.14749264717102 -39.0
17.474193811416626 -13.0
18.088788509368896 45.0
18.37924814224243 38.0
18.72460961341858 27.0
19.00360679626465 30.0
19.28108048439026 29.0
19.592894077301025 24.0
19.934351921081543 30.0
20.223674774169922 23.0
20.548978567123413 19.0
20.84913969039917 18.0
21.224990606307983 15.0
21.520798683166504 17.0
21.822028398513794 13.0
22.131811380386353 13.0
22.472264766693115 11.0
22.77596664428711 10.0
23.07290005683899 5.0
23.348522663116455 7.0
23.716826677322388 9.0
24.02793288230896 7.0
24.328867435455322 5.0
24.62300419807434 6.0
24.97139024734497 6.0
25.275517463684082 2.0
25.57534408569336 1.0
