1.6001067161560059 98.0
1.7872464656829834 98.0
1.9869372844696045 98.0
2.232264518737793 98.0
2.4650192260742188 98.0
2.698052406311035 98.0
2.9299166202545166 98.0
3.1598331928253174 98.0
3.363771677017212 98.0
3.541121006011963 98.0
3.7238550186157227 98.0
3.90315842628479 98.0
4.092034339904785 98.0
4.318795442581177 98.0
4.503763675689697 98.0
4.682254314422607 98.0
4.865206956863403 98.0
5.25929594039917 98.0
5.4880452156066895 98.0
5.718438148498535 98.0
5.945146560668945 98.0
6.177692890167236 98.0
6.414163589477539 98.0
6.6450817584991455 98.0
6.882055044174194 98.0
7.072412014007568 98.0
7.438014030456543 98.0
7.6247475147247314 98.0
8.566229581832886 98.0
8.798929214477539 98.0
9.0342435836792 98.0
9.272003650665283 98.0
9.504933834075928 98.0
9.73890995979309 98.0
9.977168321609497 98.0
10.162341117858887 98.0
10.402048110961914 98.0
10.63671612739563 68.0
10.844222068786621 98.0
11.022513389587402 98.0
11.216654777526855 67.0
11.430577278137207 66.0
11.668344020843506 66.0
11.901902675628662 67.0
12.143283128738403 98.0
12.382845163345337 98.0
12.624886751174927 65.0
13.091919660568237 98.0
14.02845311164856 65.0
14.240134954452515 98.0
14.423523902893066 65.0
14.643190860748291 68.0
14.822453498840332 97.0
15.175288677215576 99.0
15.774343729019165 33.0
15.996726036071777 30.0
16.22113275527954 28.0
16.42252278327942 27.0
16.657865047454834 27.0
16.882009029388428 26.0
17.073662519454956 25.0
17.2644944190979 23.0
17.494937658309937 23.0
17.717347145080566 42.0
17.966064453125 22.0
18.173810243606567 21.0
18.343557834625244 27.0
18.509979009628296 27.0
18.665878534317017 21.0
18.817962169647217 23.0
18.984301328659058 24.0
19.133342504501343 29.0
19.30160355567932 22.0
19.47342801094055 23.0
19.66169762611389 27.0
19.840519189834595 26.0
20.025327444076538 27.0
20.21695613861084 34.0
20.898386478424072 54.0
21.100484371185303 53.0
21.3368661403656 32.0
21.565072059631348 34.0
21.770785331726074 32.0
21.95959973335266 32.0
22.14825749397278 31.0
22.328439474105835 30.0
22.503475427627563 25.0
22.68415379524231 27.0
22.86645817756653 24.0
23.090020656585693 24.0
23.305962085723877 23.0
23.51950168609619 23.0
23.704498291015625 24.0
23.888728141784668 21.0
24.12015986442566 20.0
24.35780668258667 22.0
24.573559761047363 22.0
24.757456064224243 18.0
24.940980911254883 16.0
25.124419927597046 20.0
25.30525302886963 20.0
25.48841905593872 24.0
25.666093349456787 28.0
25.844516277313232 26.0
26.022466897964478 27.0
26.22844910621643 28.0
26.470390796661377 31.0
26.70872735977173 33.0
26.943801641464233 54.0
27.184489965438843 56.0
27.95904231071472 98.0
28.166526794433594 99.0
28.395498514175415 68.0
28.623329401016235 69.0
29.09127116203308 98.0
29.332374095916748 98.0
29.529942512512207 98.0
29.71488070487976 98.0
30.073375701904297 98.0
30.270143508911133 98.0
32.18991565704346 100.0
32.428099393844604 102.0
72.4323341846466 99.0
72.91477060317993 98.0
74.34552836418152 24.0
74.58284401893616 22.0
74.82734751701355 24.0
75.01899695396423 26.0
75.25278329849243 26.0
75.46120548248291 27.0
75.64729404449463 27.0
75.82963991165161 26.0
76.01267313957214 26.0
76.24245166778564 26.0
76.4685492515564 26.0
76.6971583366394 26.0
76.92500877380371 26.0
77.15300488471985 26.0
77.33505058288574 27.0
77.52200150489807 28.0
77.69674372673035 27.0
77.9055871963501 28.0
78.08605289459229 28.0
78.27558398246765 28.0
78.4632499217987 30.0
78.63983678817749 28.0
78.81987428665161 29.0
79.0158281326294 29.0
79.19087743759155 29.0
79.37626934051514 29.0
79.55723333358765 29.0
79.74617099761963 29.0
79.97705292701721 29.0
80.21702432632446 28.0
80.42271661758423 29.0
80.60891485214233 29.0
80.79196357727051 29.0
80.97132062911987 29.0
81.15849494934082 30.0
81.357253074646 29.0
81.53481388092041 29.0
81.77114081382751 29.0
82.00945973396301 29.0
82.22101163864136 30.0
82.39650416374207 32.0
82.57084369659424 30.0
82.76679396629333 30.0
82.94714617729187 30.0
83.13491892814636 30.0
83.32740569114685 31.0
83.51370596885681 29.0
83.69655585289001 29.0
83.90056276321411 29.0
84.12915897369385 29.0
84.36597299575806 32.0
84.59606528282166 29.0
84.82687544822693 29.0
85.06627464294434 29.0
85.29699110984802 29.0
85.52762579917908 30.0
85.75687766075134 28.0
85.98306107521057 28.0
86.19201898574829 28.0
86.37282681465149 28.0
86.55671548843384 31.0
86.79682755470276 29.0
86.97830820083618 29.0
87.16550707817078 28.0
87.34753227233887 29.0
87.53235054016113 30.0
87.7179172039032 29.0
87.89834570884705 29.0
88.06046795845032 30.0
88.21895027160645 30.0
88.41279101371765 30.0
88.59814834594727 30.0
88.78967785835266 30.0
88.96994543075562 30.0
89.16063523292542 30.0
89.3481011390686 30.0
89.57473850250244 31.0
89.80691242218018 29.0
90.04326057434082 30.0
90.25072383880615 29.0
90.43554854393005 29.0
90.61961531639099 29.0
90.84059524536133 29.0
91.02494525909424 28.0
91.20426487922668 29.0
91.38505244255066 28.0
91.6088638305664 28.0
91.83089828491211 28.0
92.0172028541565 27.0
92.25512313842773 27.0
92.49227786064148 27.0
92.67333221435547 27.0
92.85123991966248 26.0
93.03945970535278 47.0
93.21457552909851 47.0
93.45492649078369 45.0
93.68809533119202 21.0
93.91186261177063 28.0
94.14422464370728 36.0
94.38098740577698 9.0
94.56129431724548 21.0
