14.333576440811157 -42.0
14.554665088653564 -38.0
14.802061796188354 -40.0
15.018329620361328 -40.0
15.245597124099731 -40.0
15.452162981033325 -41.0
15.641453266143799 -40.0
15.82113528251648 -41.0
16.053790807724 -41.0
16.290072917938232 -41.0
16.529390811920166 -40.0
16.71021294593811 -42.0
16.89678430557251 -41.0
17.12519645690918 -42.0
17.355071544647217 -41.0
17.54255962371826 -42.0
17.791929244995117 -41.0
18.067052602767944 -41.0
18.345134019851685 -42.0
18.577391386032104 -42.0
18.818549156188965 -42.0
19.089152336120605 -42.0
19.32411479949951 -53.0
19.562044620513916 -42.0
19.80423140525818 -42.0
20.043203353881836 -42.0
20.28050136566162 -42.0
20.53304672241211 -43.0
20.776209831237793 -41.0
21.029797792434692 -41.0
21.28895854949951 -41.0
21.54452085494995 -41.0
21.805148363113403 -44.0
22.07541036605835 -42.0
22.34416151046753 -43.0
22.559609413146973 -43.0
22.827287673950195 -43.0
23.056777238845825 -45.0
23.301409482955933 -43.0
23.54700231552124 -43.0
23.8219096660614 -43.0
24.033840894699097 -43.0
24.219293117523193 -45.0
24.404518127441406 -43.0
24.600600957870483 -44.0
24.83808922767639 -44.0
25.020061492919922 -44.0
25.278028964996338 -43.0
25.534855127334595 -43.0
25.77504563331604 -42.0
25.99466586112976 -42.0
26.224260091781616 -42.0
26.45977210998535 -42.0
26.717673778533936 -43.0
26.98028302192688 -51.0
27.21179461479187 -52.0
27.40523648262024 -53.0
27.66574478149414 -52.0
27.929083347320557 -53.0
28.16627812385559 -50.0
28.394569396972656 -51.0
28.627277374267578 -53.0
29.06612730026245 -48.0
29.251407384872437 -30.0
29.43650460243225 -31.0
29.631118297576904 -47.0
29.9894278049469 -54.0
30.217966079711914 -52.0
30.444475889205933 -53.0
30.62540626525879 -51.0
30.984358549118042 -51.0
39.846134185791016 37.0
40.368324279785156 39.0
40.78261637687683 39.0
47.62386775016785 43.0
48.08768963813782 40.0
48.27227282524109 39.0
48.72197341918945 36.0
48.969128370285034 35.0
49.202404499053955 34.0
49.435967445373535 33.0
49.90894174575806 29.0
50.1528115272522 28.0
50.38832211494446 27.0
50.622150897979736 23.0
51.08386850357056 20.0
51.79273223876953 20.0
59.47497582435608 6.0
59.705323457717896 9.0
59.896323442459106 9.0
60.076454162597656 9.0
60.4965980052948 9.0
60.7386679649353 9.0
60.97271418571472 11.0
61.21340012550354 -2.0
61.67879819869995 7.0
63.93240761756897 6.0
64.3269853591919 7.0
64.50132513046265 7.0
67.56941080093384 -1.0
67.82955026626587 -2.0
68.07905101776123 -3.0
68.32701301574707 -4.0
68.55997514724731 -6.0
68.81318998336792 -8.0
71.92441272735596 -17.0
72.40822052955627 -19.0
72.67474865913391 -21.0
72.92739701271057 -22.0
73.16330480575562 -22.0
73.41681599617004 -21.0
73.6821460723877 -21.0
73.91790914535522 -20.0
74.18786668777466 -22.0
74.44310545921326 -23.0
74.67740511894226 -22.0
74.93390464782715 -23.0
75.1961030960083 -23.0
75.44502902030945 -23.0
76.28644800186157 -24.0
76.53474402427673 -24.0
76.76736187934875 -24.0
77.00669384002686 -24.0
77.20257019996643 -25.0
77.46563458442688 -25.0
77.71567058563232 -25.0
77.94432330131531 -25.0
78.40515661239624 -25.0
78.63761520385742 -26.0
78.8526439666748 -26.0
79.31612300872803 -26.0
79.55560255050659 -28.0
79.80094361305237 -26.0
80.05832624435425 -27.0
80.5610580444336 -30.0
93.03648591041565 -39.0
93.57674622535706 -47.0
101.168936252594 -36.0
101.39113688468933 -37.0
101.59485173225403 -37.0
101.82040023803711 -42.0
102.07498335838318 -49.0
102.32023072242737 -42.0
102.75012516975403 -61.0
102.98901391029358 -51.0
103.67902374267578 -66.0
103.91709423065186 -66.0
104.14594888687134 -79.0
104.3756206035614 -82.0
104.61646747589111 -83.0
104.84882855415344 -79.0
105.09390997886658 -82.0
106.89580750465393 -101.0
107.11839985847473 -101.0
107.37270641326904 -104.0
107.62991189956665 -103.0
107.861412525177 -105.0
108.11411714553833 -103.0
108.3857045173645 -103.0
108.64181303977966 -103.0
108.86460995674133 -102.0
109.09791970252991 -104.0
109.33452272415161 -104.0
109.57332491874695 -103.0
109.81093692779541 -102.0
110.05480551719666 -102.0
110.28222751617432 -106.0
110.47499537467957 -108.0
110.65243983268738 -107.0
110.8358564376831 -107.0
111.29034495353699 -102.0
111.53037714958191 -108.0
111.76792335510254 -109.0
111.95531749725342 -108.0
112.4163179397583 -100.0
112.65104508399963 -94.0
112.88010120391846 -94.0
113.12470364570618 -101.0
113.5924563407898 -99.0
113.82883882522583 -99.0
114.29735779762268 -99.0
114.76458239555359 -95.0
114.99207639694214 -85.0
115.22053003311157 -80.0
115.40309023857117 -88.0
115.89308381080627 -82.0
116.12732791900635 -81.0
116.36742281913757 -81.0
116.60182166099548 -80.0
116.80443358421326 -78.0
147.58185386657715 -10.0
147.8145453929901 -10.0
150.45858001708984 -9.0
150.95767188072205 -4.0
151.2000653743744 -7.0
154.42656683921814 -7.0
171.80213046073914 -14.0
172.2897093296051 -16.0
172.54307579994202 -17.0
173.02753901481628 1.0
206.90853714942932 -4.0
207.1359076499939 7.0
207.36873817443848 4.0
207.56991171836853 5.0
207.80049347877502 6.0
208.03488683700562 6.0
208.2214322090149 8.0
208.4300034046173 8.0
208.61048865318298 9.0
208.81161952018738 9.0
209.03923201560974 9.0
209.2805609703064 8.0
209.50773453712463 9.0
209.7462193965912 8.0
209.96119832992554 8.0
210.19627332687378 8.0
210.41613006591797 10.0
210.6730830669403 6.0
210.92245435714722 10.0
211.1841118335724 10.0
211.40811467170715 10.0
211.66198873519897 9.0
211.89224100112915 8.0
212.12305665016174 9.0
212.35593032836914 9.0
212.59307026863098 9.0
212.82578825950623 8.0
213.07571125030518 8.0
213.34545826911926 10.0
213.557514667511 10.0
213.73966813087463 9.0
213.93981409072876 10.0
214.16750645637512 10.0
214.40773725509644 9.0
214.64514327049255 9.0
214.8825421333313 9.0
215.1112027168274 9.0
215.3476061820984 9.0
215.54072046279907 9.0
215.83952045440674 9.0
216.09723019599915 8.0
216.3016049861908 9.0
216.537588596344 10.0
216.77716827392578 9.0
217.00536370277405 9.0
217.2044656276703 8.0
217.38365006446838 9.0
217.6139895915985 7.0
217.9048674106598 7.0
218.14697408676147 7.0
218.36433482170105 7.0
218.64834332466125 5.0
218.89962077140808 5.0
219.13718104362488 5.0
219.3776774406433 6.0
219.64272904396057 -5.0
219.8979094028473 -4.0
220.08063316345215 -4.0
220.31687450408936 -4.0
220.57138919830322 -4.0
220.8406229019165 -5.0
221.04240155220032 -5.0
221.28087210655212 0.0
221.47444987297058 0.0
221.7045693397522 -1.0
221.9427752494812 -1.0
222.19041681289673 -1.0
222.4482717514038 -1.0
222.6911814212799 -3.0
222.9280550479889 -3.0
223.17043590545654 -4.0
223.41583514213562 -5.0
223.66394066810608 -6.0
223.92654395103455 -6.0
224.184996843338 -6.0
224.45390009880066 -6.0
224.6988046169281 -7.0
224.95559334754944 -7.0
225.20529580116272 0.0
225.45182132720947 -6.0
225.68881034851074 0.0
225.92005801200867 -4.0
226.1632628440857 -2.0
226.41735816001892 -3.0
226.65402793884277 -5.0
226.89389896392822 0.0
227.14640522003174 -5.0
227.3438642024994 -8.0
227.54229307174683 -7.0
227.80296230316162 -7.0
228.0498011112213 -7.0
228.28220558166504 -4.0
228.53470492362976 -7.0
228.74893069267273 -6.0
228.96342968940735 -8.0
229.1878697872162 -12.0
229.43880438804626 -12.0
229.69800686836243 -11.0
229.9305863380432 -11.0
230.1625337600708 -12.0
230.3637297153473 -12.0
230.5437352657318 -13.0
230.72643089294434 -12.0
230.95684051513672 -12.0
231.17222619056702 -11.0
231.41649889945984 -11.0
231.67563343048096 -10.0
231.92244172096252 -9.0
232.12445712089539 -16.0
232.31614995002747 -14.0
232.49979090690613 -7.0
232.71285939216614 -2.0
232.9506287574768 -29.0
233.18169522285461 -36.0
233.39731574058533 -33.0
233.5802218914032 -7.0
233.7637209892273 -17.0
233.95206022262573 -2.0
234.21117615699768 -1.0
