13.056591987609863 26.0
13.267401456832886 28.0
13.444662809371948 31.0
17.538460731506348 42.0
18.875334978103638 47.0
19.112058877944946 46.0
19.349135637283325 44.0
19.574259519577026 45.0
20.167317152023315 51.0
20.356462001800537 44.0
20.54414463043213 52.0
20.726019382476807 45.0
20.937660217285156 45.0
21.132943630218506 52.0
21.697283506393433 50.0
22.755403995513916 49.0
23.199511289596558 51.0
23.66440176963806 51.0
23.906089067459106 52.0
24.87015676498413 52.0
28.078562259674072 56.0
28.317026615142822 56.0
28.556434869766235 58.0
28.794591665267944 62.0
29.029380083084106 60.0
29.260255813598633 67.0
29.45364499092102 70.0
29.639220714569092 73.0
29.837503910064697 75.0
30.212079286575317 76.0
30.452472448349 82.0
30.856552124023438 85.0
31.259472370147705 94.0
31.49082326889038 97.0
31.721123933792114 96.0
31.968024492263794 98.0
32.368560552597046 96.0
32.5536949634552 99.0
32.73961305618286 98.0
32.944772481918335 97.0
33.127864837646484 99.0
33.31324076652527 99.0
33.490814208984375 97.0
33.67229771614075 96.0
33.86332988739014 96.0
34.10017681121826 97.0
34.33194041252136 97.0
34.543097257614136 99.0
34.73444962501526 100.0
34.92041730880737 99.0
35.28248310089111 95.0
35.49561619758606 95.0
40.195202589035034 52.0
40.378050088882446 63.0
40.56192398071289 59.0
40.74404716491699 52.0
40.97774648666382 74.0
41.2182035446167 55.0
41.450870513916016 59.0
41.63510060310364 64.0
41.86357641220093 62.0
42.04687023162842 65.0
42.2289514541626 97.0
42.463374376297 98.0
42.650994062423706 97.0
42.831162214279175 98.0
43.18454194068909 98.0
43.537795543670654 98.0
44.06803107261658 98.0
44.25589966773987 98.0
44.4351589679718 98.0
44.65772533416748 99.0
45.2345085144043 100.0
45.41177439689636 100.0
46.46763372421265 99.0
46.77532958984375 99.0
47.22205710411072 101.0
47.409974813461304 99.0
47.59551429748535 99.0
47.780563831329346 101.0
51.71298003196716 100.0
52.12502479553223 99.0
52.31217670440674 99.0
52.506855487823486 99.0
52.69604158401489 99.0
56.53652286529541 79.0
56.770904541015625 76.0
56.999157190322876 74.0
57.233633518218994 59.0
57.47650098800659 72.0
57.69443082809448 71.0
57.88277983665466 56.0
58.06245517730713 56.0
58.249915599823 61.0
58.42542290687561 33.0
58.602967977523804 55.0
58.784966707229614 56.0
58.97179293632507 56.0
59.146926403045654 56.0
59.32484674453735 64.0
59.51227569580078 58.0
59.68969130516052 58.0
59.924439430236816 71.0
60.16590595245361 69.0
60.35221982002258 73.0
60.57152843475342 73.0
60.7527494430542 74.0
60.93180227279663 76.0
61.11583209037781 66.0
61.34536838531494 78.0
61.576438426971436 78.0
61.81113839149475 80.0
62.24343419075012 69.0
62.64011311531067 88.0
62.82579827308655 87.0
63.001641273498535 87.0
64.31654644012451 98.0
64.51856923103333 98.0
64.75933456420898 99.0
64.99535346031189 99.0
65.67082023620605 99.0
65.85766291618347 100.0
66.09667730331421 100.0
66.46663975715637 99.0
80.71338486671448 58.0
80.9414427280426 60.0
81.16859745979309 60.0
81.40208888053894 61.0
81.84152674674988 59.0
82.49205160140991 59.0
82.7259829044342 62.0
83.12775039672852 62.0
83.72561550140381 63.0
83.9097888469696 58.0
84.09488534927368 58.0
84.6486189365387 62.0
85.18298864364624 63.0
85.36841464042664 72.0
85.59793257713318 67.0
85.82116031646729 76.0
86.00848460197449 80.0
86.19539403915405 82.0
86.42810583114624 84.0
86.86667966842651 88.0
87.22819495201111 98.0
87.41205525398254 98.0
87.78025078773499 98.0
87.96265935897827 98.0
88.1788079738617 98.0
89.02760052680969 98.0
89.25506067276001 98.0
89.46035814285278 98.0
89.92635369300842 98.0
90.13288474082947 98.0
90.48551440238953 98.0
90.83779978752136 98.0
92.15515279769897 80.0
92.39559006690979 79.0
92.63503313064575 76.0
93.05608129501343 72.0
93.28623580932617 67.0
93.52016711235046 59.0
93.75057768821716 57.0
94.143075466156 56.0
94.57094359397888 54.0
94.80881476402283 53.0
95.03577494621277 51.0
95.2586681842804 59.0
95.4561619758606 57.0
95.63386225700378 56.0
95.81982803344727 56.0
96.00450992584229 26.0
96.18496632575989 53.0
96.37634086608887 52.0
96.56595849990845 51.0
96.79630708694458 55.0
97.2290244102478 58.0
97.4148337841034 56.0
97.59850335121155 54.0
97.78612470626831 55.0
98.14881730079651 54.0
98.34121680259705 53.0
98.57887816429138 54.0
98.81914806365967 53.0
99.01053667068481 52.0
99.19644975662231 54.0
99.42408180236816 54.0
99.60742783546448 54.0
99.83743119239807 54.0
100.02818155288696 53.0
100.20559287071228 54.0
100.3891110420227 56.0
100.57855534553528 56.0
100.78715467453003 57.0
101.01801013946533 56.0
101.2534327507019 59.0
101.44216299057007 60.0
101.63328766822815 61.0
101.86493444442749 60.0
102.09818696975708 62.0
102.33272767066956 65.0
102.57380962371826 67.0
102.8111047744751 67.0
103.0527560710907 68.0
103.28953623771667 68.0
103.52813410758972 72.0
103.7593240737915 73.0
103.99692702293396 73.0
104.24871325492859 77.0
104.4647319316864 77.0
104.64507818222046 81.0
104.88017988204956 80.0
105.11459112167358 85.0
105.35719323158264 84.0
105.99528813362122 86.0
106.18424105644226 87.0
106.34620594978333 88.0
106.5137677192688 94.0
106.67807459831238 97.0
106.85933113098145 92.0
107.02851390838623 93.0
107.18377661705017 95.0
107.54771709442139 97.0
107.72180151939392 98.0
107.89975571632385 102.0
108.07874035835266 102.0
116.24141430854797 98.0
116.43132400512695 65.0
116.63862490653992 98.0
116.82073664665222 48.0
116.99883031845093 54.0
117.18945670127869 54.0
117.36890435218811 40.0
117.54016876220703 45.0
117.7246446609497 49.0
117.90836763381958 45.0
118.11193680763245 32.0
118.34975910186768 49.0
118.5802071094513 44.0
118.76495790481567 44.0
118.94220232963562 47.0
119.13923144340515 44.0
119.36722254753113 48.0
119.54591655731201 45.0
119.73280429840088 47.0
119.9176242351532 49.0
120.10276818275452 50.0
120.28777766227722 56.0
120.48430323600769 41.0
120.66732144355774 65.0
120.8772521018982 59.0
121.11146116256714 69.0
121.3386390209198 67.0
121.56367588043213 64.0
121.80078673362732 64.0
121.98848485946655 65.0
122.1750693321228 65.0
122.41426801681519 61.0
122.64821100234985 75.0
122.84558415412903 74.0
123.02008152008057 75.0
123.24951434135437 76.0
123.42858338356018 75.0
123.5943956375122 76.0
123.75994372367859 79.0
123.93826675415039 78.0
124.12309718132019 76.0
124.51489853858948 76.0
124.70983362197876 77.0
125.9099748134613 86.0
127.14873766899109 85.0
128.03833866119385 87.0
129.45038628578186 93.0
130.2291419506073 94.0
131.18901371955872 94.0
133.03176093101501 57.0
133.26964855194092 57.0
133.49463319778442 54.0
133.6711401939392 57.0
133.84883308410645 96.0
134.02942728996277 97.0
134.2174036502838 97.0
134.69524908065796 74.0
134.9351077079773 56.0
135.14439463615417 54.0
135.3322274684906 54.0
135.7874481678009 75.0
136.0187120437622 56.0
136.210768699646 97.0
136.4062533378601 57.0
136.64996767044067 57.0
136.89167141914368 75.0
137.13223147392273 58.0
137.3718342781067 58.0
137.55321621894836 97.0
137.72688794136047 97.0
137.90461683273315 74.0
138.1233730316162 98.0
138.30675601959229 98.0
138.49346733093262 56.0
138.67238020896912 98.0
138.853182554245 74.0
139.03719758987427 98.0
139.26056575775146 98.0
139.4882447719574 98.0
139.6629776954651 98.0
139.85890555381775 56.0
140.02298545837402 57.0
140.20552515983582 57.0
140.40384221076965 56.0
140.59251356124878 56.0
140.77313804626465 73.0
140.96322298049927 56.0
141.1417751312256 56.0
141.29705047607422 56.0
141.47396111488342 56.0
141.67457818984985 55.0
141.87319564819336 78.0
142.05364537239075 55.0
142.23124766349792 55.0
142.42647576332092 55.0
142.61259627342224 55.0
142.79819869995117 74.0
142.98133063316345 74.0
143.1665952205658 73.0
143.37699961662292 73.0
143.5609929561615 53.0
143.74701142311096 54.0
143.97219443321228 53.0
144.1472623348236 54.0
144.32407093048096 53.0
144.54342889785767 51.0
144.7703263759613 51.0
144.96396231651306 72.0
145.1469316482544 71.0
145.3824143409729 71.0
145.6249532699585 49.0
145.86455821990967 69.0
146.10302233695984 67.0
146.34098052978516 66.0
146.54278206825256 66.0
146.73242664337158 64.0
146.91366028785706 63.0
147.14648008346558 43.0
147.38414025306702 43.0
147.58613634109497 42.0
147.82626080513 41.0
148.01160502433777 40.0
148.2018518447876 40.0
148.38386464118958 37.0
148.5708839893341 35.0
149.05299997329712 29.0
149.28007411956787 33.0
149.51235103607178 26.0
149.72434759140015 23.0
149.90881991386414 37.0
150.14804768562317 19.0
153.0158247947693 12.0
153.19661045074463 9.0
153.43918538093567 10.0
153.65486788749695 7.0
153.8835973739624 -6.0
154.06452560424805 8.0
154.24559807777405 -2.0
154.4277184009552 8.0
154.64537286758423 5.0
154.8308982849121 5.0
155.03423690795898 -4.0
155.2681586742401 1.0
155.4455099105835 -1.0
155.6553931236267 -1.0
155.8326940536499 -1.0
156.01259231567383 -18.0
156.1967785358429 -2.0
156.37164759635925 -20.0
156.54497957229614 -10.0
156.76195621490479 -20.0
156.94187259674072 -5.0
157.12167978286743 -4.0
157.30252885818481 -10.0
157.48131704330444 -6.0
157.66513752937317 -15.0
157.87354612350464 -18.0
158.06231546401978 -17.0
158.30914998054504 -11.0
158.5579319000244 -4.0
158.73927879333496 -13.0
158.9130153656006 -11.0
159.14160132408142 3.0
159.37591767311096 3.0
159.58545637130737 3.0
159.7658772468567 3.0
159.99133443832397 4.0
160.22257471084595 -3.0
160.44392085075378 3.0
160.65979504585266 2.0
160.90188694000244 1.0
161.13324189186096 6.0
161.37268090248108 -12.0
161.56325149536133 -12.0
161.75003242492676 6.0
161.9252233505249 -9.0
162.10062718391418 -10.0
162.28310537338257 -7.0
162.73150968551636 4.0
162.9149968624115 -2.0
163.0932912826538 -10.0
163.2755720615387 20.0
163.64875030517578 4.0
163.8387806415558 5.0
164.0821099281311 7.0
164.30056834220886 8.0
164.52862572669983 7.0
164.97868514060974 3.0
165.15765738487244 3.0
165.34142184257507 7.0
165.52532386779785 -10.0
165.73562860488892 -8.0
165.96710395812988 -8.0
166.19064950942993 1.0
166.37131261825562 1.0
166.6070375442505 -9.0
166.84620928764343 -11.0
167.08716583251953 -10.0
167.32688927650452 0.0
167.56685757637024 -12.0
167.81083345413208 -12.0
168.0549910068512 -9.0
168.297616481781 -6.0
168.51167750358582 -5.0
168.72678995132446 -1.0
168.95717859268188 0.0
169.1388828754425 -2.0
169.34709215164185 -5.0
169.57204174995422 2.0
169.77514481544495 -2.0
169.95599508285522 1.0
170.18219923973083 -2.0
170.4029414653778 2.0
170.5838325023651 0.0
170.76910018920898 0.0
170.9520993232727 1.0
171.13764905929565 3.0
171.3185305595398 0.0
171.55761075019836 3.0
171.74106788635254 -1.0
171.97651052474976 0.0
172.21048259735107 0.0
172.3960211277008 0.0
172.58756613731384 0.0
172.80351948738098 0.0
172.98914766311646 0.0
173.19937014579773 0.0
173.38606119155884 -3.0
173.57202863693237 -1.0
173.75500631332397 -1.0
173.9432032108307 -1.0
174.09422492980957 -2.0
174.255206823349 -1.0
174.43783378601074 0.0
174.62537717819214 1.0
174.79954528808594 2.0
174.98124647140503 1.0
175.16632556915283 2.0
175.34180331230164 2.0
175.53093671798706 1.0
175.693199634552 1.0
175.86197710037231 0.0
176.0392186641693 -2.0
176.22562265396118 -1.0
176.4517674446106 0.0
176.67661666870117 0.0
176.88467121124268 0.0
177.12105345726013 -1.0
177.35212922096252 -1.0
177.56279873847961 -1.0
177.79898381233215 -1.0
178.04150795936584 -1.0
178.26599740982056 -2.0
178.4534044265747 -3.0
178.63760638237 -2.0
178.81962776184082 -3.0
179.01026582717896 -3.0
179.20198822021484 -3.0
179.37833738327026 -3.0
179.6199071407318 -3.0
179.84921431541443 -4.0
180.05546283721924 -3.0
180.2389805316925 -2.0
180.48264908790588 -12.0
180.72399735450745 -14.0
180.93825316429138 -4.0
181.12004041671753 -9.0
181.3183889389038 -3.0
181.54993438720703 -3.0
181.78322196006775 -3.0
182.00592947006226 -3.0
182.1843147277832 -2.0
182.3797218799591 -1.0
182.57639741897583 -1.0
182.772038936615 -1.0
182.95697140693665 -1.0
183.1361963748932 -1.0
183.36717176437378 -1.0
183.5584762096405 -1.0
183.73467183113098 -1.0
183.96470427513123 -1.0
184.202064037323 -1.0
184.39074063301086 -1.0
186.26242327690125 -44.0
203.1270899772644 -17.0
203.30614399909973 -18.0
203.67422914505005 -25.0
203.8791310787201 -25.0
204.08435225486755 -24.0
204.26683831214905 -21.0
204.45019936561584 -18.0
204.63590502738953 -18.0
204.85933017730713 -17.0
205.07406783103943 -15.0
205.2608540058136 -14.0
205.49574422836304 -13.0
205.72829866409302 -13.0
205.9589912891388 -13.0
206.18531107902527 -13.0
206.36059308052063 -13.0
206.56718254089355 -11.0
206.7637424468994 -12.0
206.98772430419922 -11.0
207.21110725402832 -10.0
207.44428992271423 -9.0
207.6806173324585 -8.0
207.91486024856567 -8.0
208.14788722991943 -7.0
208.38381671905518 -6.0
208.6157102584839 -7.0
208.81518411636353 -7.0
209.04998540878296 -6.0
209.29187417030334 -5.0
209.53102946281433 -5.0
209.74908995628357 -14.0
209.98992109298706 -20.0
210.17352652549744 -19.0
210.35309648513794 -10.0
210.52713561058044 0.0
210.70714211463928 -8.0
210.9070508480072 -8.0
211.1485254764557 -8.0
211.33658647537231 -7.0
211.5663194656372 -9.0
211.79951643943787 -10.0
212.0386004447937 -8.0
212.27235388755798 -14.0
212.45190858840942 -10.0
212.63679027557373 1.0
212.81935954093933 -11.0
212.97766160964966 -12.0
213.16235542297363 -13.0
213.34315609931946 -16.0
213.57736253738403 -15.0
213.80147099494934 4.0
213.99037623405457 5.0
214.17255520820618 1.0
214.35066413879395 3.0
214.5334758758545 -20.0
214.71498560905457 -21.0
214.8997974395752 -22.0
215.0832245349884 -23.0
215.31750631332397 -24.0
215.54753589630127 -25.0
215.72928404808044 -26.0
215.9081997871399 -26.0
216.13141775131226 -29.0
216.3619840145111 -29.0
216.59594225883484 -30.0
216.77833819389343 -30.0
217.01037049293518 -32.0
217.19001817703247 -33.0
217.3760416507721 -34.0
217.5640230178833 -35.0
217.74833846092224 -36.0
217.94907355308533 -38.0
218.13961553573608 -39.0
218.375501871109 -40.0
218.59492373466492 -31.0
218.78738522529602 -45.0
219.01416945457458 -47.0
219.24679446220398 -48.0
219.48734831809998 -33.0
225.74122285842896 -52.0
225.92756414413452 -50.0
226.1124017238617 -49.0
226.2932162284851 -48.0
226.47796964645386 -47.0
226.65988993644714 -46.0
226.85053205490112 -45.0
227.03194499015808 -44.0
227.25984048843384 -42.0
227.48828101158142 -45.0
227.68673300743103 -41.0
227.9134521484375 -39.0
228.14138007164001 -35.0
228.3706886768341 -36.0
228.6104497909546 -33.0
228.84529852867126 -32.0
229.07850742340088 -30.0
229.29136562347412 -29.0
229.5300374031067 -29.0
229.71283626556396 -28.0
229.88748049736023 -24.0
230.11557388305664 -22.0
230.3401002883911 -21.0
230.51874494552612 -18.0
230.69802713394165 2.0
230.90907621383667 -15.0
231.15132212638855 -13.0
231.38884735107422 -12.0
231.63359022140503 -1.0
231.87951707839966 -9.0
232.12354397773743 -7.0
232.35492420196533 -8.0
232.5947117805481 -4.0
232.82950353622437 -2.0
233.01981902122498 -2.0
233.25539350509644 -1.0
233.4388792514801 0.0
233.6236970424652 1.0
233.7991259098053 2.0
233.96848154067993 3.0
234.12515306472778 6.0
234.29019021987915 8.0
234.48253965377808 10.0
234.63815069198608 11.0
234.82207083702087 13.0
235.06102418899536 16.0
235.29441285133362 17.0
235.53426694869995 18.0
235.76871800422668 3.0
236.01056599617004 4.0
236.2390012741089 7.0
236.47268056869507 24.0
236.67341113090515 28.0
236.86660480499268 30.0
237.04835653305054 31.0
237.22726011276245 21.0
237.4078061580658 22.0
237.58799386024475 34.0
237.81191873550415 35.0
238.0555715560913 38.0
238.29404711723328 40.0
238.53136205673218 27.0
238.7558295726776 42.0
238.99314975738525 30.0
239.22382712364197 47.0
239.42759799957275 48.0
239.66564965248108 49.0
239.89535212516785 53.0
240.15446186065674 56.0
240.39724683761597 58.0
240.63002347946167 58.0
240.80791068077087 60.0
240.99143409729004 61.0
241.17520093917847 63.0
241.35746145248413 65.0
241.53917026519775 65.0
241.71773767471313 67.0
241.94759702682495 68.0
242.1842999458313 70.0
242.42076325416565 71.0
242.607586145401 73.0
242.78749775886536 74.0
242.9703905582428 76.0
243.14733409881592 78.0
243.33339977264404 77.0
243.560471534729 80.0
243.7459843158722 80.0
243.93565559387207 81.0
244.181293964386 83.0
244.37858247756958 85.0
244.55632615089417 86.0
244.74947476387024 87.0
282.9589173793793 25.0
283.19188809394836 25.0
283.3932671546936 27.0
283.74772906303406 25.0
283.91072487831116 26.0
284.07831954956055 28.0
284.2944939136505 30.0
284.527375459671 31.0
284.77116322517395 31.0
284.99318647384644 31.0
285.1812312602997 21.0
285.4229049682617 23.0
285.6617829799652 36.0
285.8377032279968 37.0
286.0895645618439 38.0
286.3464677333832 38.0
286.57731556892395 38.0
286.78099727630615 38.0
286.9706747531891 36.0
287.1553547382355 37.0
287.34827947616577 35.0
287.59177136421204 35.0
287.78887033462524 36.0
287.97375416755676 8.0
288.19115591049194 10.0
288.4072675704956 9.0
288.61622881889343 22.0
288.8520247936249 10.0
289.0853054523468 27.0
289.33789443969727 28.0
289.59697794914246 26.0
290.0113990306854 30.0
290.1915690898895 31.0
290.45245695114136 34.0
290.78554344177246 32.0
291.04565024375916 32.0
291.30427718162537 33.0
291.49770045280457 33.0
291.68208384513855 34.0
291.8691976070404 34.0
292.0596716403961 34.0
292.2427079677582 32.0
292.42890191078186 37.0
292.67316031455994 38.0
292.8822627067566 37.0
293.07793259620667 30.0
293.2541718482971 35.0
293.4441559314728 30.0
293.64078974723816 36.0
293.8256640434265 36.0
294.00814032554626 38.0
294.224796295166 38.0
294.4136519432068 39.0
294.59428000450134 40.0
294.77129220962524 41.0
295.0063855648041 41.0
295.2411587238312 41.0
295.47920536994934 41.0
295.70250701904297 41.0
295.87576365470886 41.0
296.0581257343292 41.0
296.2457003593445 41.0
296.4755311012268 41.0
296.71469926834106 40.0
296.94618678092957 38.0
297.1789436340332 37.0
297.40628814697266 36.0
297.58431363105774 34.0
297.75597381591797 34.0
297.9334714412689 24.0
298.1177351474762 30.0
298.3113920688629 36.0
298.52743768692017 36.0
298.7605154514313 35.0
299.1428711414337 7.0
299.32395005226135 22.0
299.51050758361816 1.0
