11.34537124633789 99.0
11.971680402755737 87.0
12.20217514038086 81.0
12.431304693222046 75.0
12.794151544570923 44.0
12.99746322631836 46.0
13.181754112243652 48.0
13.402685642242432 49.0
13.605531454086304 48.0
13.787899255752563 49.0
13.976298093795776 47.0
14.159430265426636 45.0
14.344651937484741 40.0
14.588024854660034 40.0
14.807701826095581 41.0
14.973258018493652 38.0
15.157227754592896 39.0
15.346571207046509 40.0
15.535170793533325 42.0
15.722763299942017 41.0
15.921664476394653 42.0
16.102965354919434 43.0
16.26805305480957 41.0
16.453137636184692 29.0
16.635220766067505 43.0
16.820738792419434 42.0
17.045708894729614 42.0
17.275073766708374 41.0
17.487603187561035 44.0
17.67564296722412 42.0
17.858455657958984 43.0
18.043964385986328 43.0
18.223231077194214 43.0
18.429222345352173 45.0
18.66862463951111 46.0
18.850568056106567 46.0
19.079442262649536 44.0
19.30698323249817 44.0
19.510931730270386 45.0
19.68316626548767 43.0
19.8622784614563 44.0
20.227003812789917 47.0
20.416927099227905 47.0
20.601184844970703 49.0
21.064467430114746 47.0
21.48485565185547 46.0
21.669642448425293 46.0
21.852293968200684 45.0
22.220068216323853 47.0
22.40245485305786 48.0
22.76351523399353 48.0
22.99113130569458 49.0
23.206395864486694 54.0
23.38817811012268 51.0
23.613168954849243 55.0
23.79819416999817 54.0
24.0319664478302 51.0
24.264492988586426 51.0
24.659498691558838 16.0
24.860616445541382 11.0
25.061034679412842 12.0
25.24274754524231 3.0
25.439013481140137 6.0
25.62438130378723 3.0
25.81509804725647 1.0
26.02217745780945 1.0
26.207921028137207 -8.0
26.390591859817505 -9.0
26.58241081237793 -12.0
26.78376007080078 -11.0
26.968889951705933 -23.0
27.14488458633423 -54.0
27.33187198638916 -57.0
27.56798505783081 -49.0
27.809494972229004 -28.0
27.985513925552368 -25.0
28.168789863586426 -25.0
28.343594312667847 -28.0
28.519180059432983 -21.0
28.717691659927368 -21.0
28.948487997055054 -20.0
29.184767961502075 -17.0
29.378942728042603 -13.0
29.563724279403687 -8.0
29.754645347595215 -2.0
29.938621520996094 -2.0
30.115600109100342 -7.0
30.29894471168518 -12.0
30.481467723846436 -19.0
30.66737127304077 -24.0
30.8424551486969 -28.0
31.00790786743164 -30.0
31.186137437820435 -54.0
31.363720893859863 -56.0
31.54962468147278 -38.0
33.09898853302002 -92.0
33.5479621887207 -96.0
33.77535104751587 -98.0
57.3996741771698 -12.0
57.62804937362671 -11.0
57.86087918281555 -9.0
58.284579038619995 -38.0
58.46986722946167 -36.0
58.696892499923706 -35.0
58.883654832839966 -35.0
59.0720956325531 -36.0
59.47745084762573 -36.0
59.71418285369873 -36.0
59.90598201751709 -31.0
60.09321904182434 -26.0
60.32995104789734 -22.0
60.563244342803955 -19.0
60.74275755882263 -16.0
60.91946530342102 -14.0
61.39370822906494 -4.0
61.638278007507324 1.0
61.8689124584198 4.0
62.09656524658203 6.0
62.463906049728394 16.0
62.63661599159241 17.0
62.81535482406616 20.0
62.99980354309082 24.0
64.28130054473877 52.0
64.54083323478699 53.0
64.7751305103302 56.0
64.97615122795105 57.0
65.16496992111206 59.0
65.90458583831787 72.0
66.6921169757843 75.0
67.28152561187744 81.0
67.46697902679443 88.0
67.65079236030579 95.0
67.83035612106323 99.0
68.19487714767456 98.0
68.42882800102234 99.0
68.8946623802185 98.0
69.35057616233826 97.0
69.58935260772705 97.0
69.82693839073181 98.0
70.03830528259277 98.0
73.45756840705872 70.0
73.92424750328064 50.0
74.15923881530762 44.0
74.39720678329468 17.0
74.62516021728516 21.0
74.85482287406921 8.0
75.08536386489868 7.0
75.28796291351318 13.0
75.52919292449951 12.0
75.76883053779602 27.0
76.00871586799622 32.0
76.24387502670288 31.0
76.44141840934753 26.0
76.62341070175171 12.0
76.80492568016052 3.0
76.99071002006531 5.0
77.16941165924072 -9.0
77.40881037712097 0.0
78.10571670532227 4.0
78.28589463233948 -27.0
78.5029947757721 -29.0
78.6948573589325 -39.0
79.029470205307 1.0
79.18787574768066 1.0
79.34421348571777 -50.0
79.51544213294983 -51.0
81.90087366104126 -1.0
82.13861680030823 -53.0
82.82970023155212 -47.0
83.20349073410034 -36.0
83.42225885391235 -33.0
83.78389310836792 -24.0
83.96564054489136 -14.0
84.14795160293579 -9.0
84.32745337486267 0.0
84.53304481506348 -2.0
84.76374316215515 10.0
84.9981632232666 12.0
85.23317694664001 15.0
85.4686450958252 18.0
85.70018458366394 27.0
85.88066625595093 27.0
86.1069324016571 38.0
86.30630803108215 39.0
86.4848005771637 49.0
86.69876289367676 53.0
87.1653082370758 51.0
87.36205673217773 55.0
87.5454454421997 57.0
87.72875380516052 63.0
88.36823320388794 70.0
88.58473181724548 74.0
88.7654230594635 75.0
89.35301613807678 83.0
89.58372712135315 83.0
89.82314991950989 76.0
90.29575371742249 75.0
90.52057385444641 78.0
90.89534759521484 77.0
91.12748646736145 76.0
91.5959541797638 78.0
91.83425760269165 78.0
92.05239176750183 77.0
92.23580265045166 76.0
92.43947196006775 80.0
92.82614493370056 83.0
93.06862449645996 80.0
93.3119707107544 75.0
93.5537736415863 76.0
93.79512572288513 76.0
94.14534044265747 75.0
94.30048632621765 71.0
94.45144295692444 56.0
94.60784006118774 70.0
94.7808449268341 40.0
95.01449799537659 56.0
95.23573565483093 61.0
95.46415948867798 38.0
95.69169187545776 60.0
95.9094066619873 39.0
96.09433913230896 26.0
96.27638411521912 26.0
96.4622597694397 7.0
96.65050148963928 6.0
96.83418774604797 4.0
97.08488702774048 5.0
97.30046486854553 19.0
97.48382759094238 10.0
97.7216808795929 12.0
97.95832467079163 15.0
98.16095852851868 30.0
98.34474468231201 47.0
98.52891111373901 47.0
98.7583417892456 48.0
98.97106647491455 52.0
99.15310478210449 56.0
99.3276207447052 55.0
99.50881004333496 59.0
99.69386029243469 54.0
99.89306473731995 58.0
100.08187937736511 54.0
100.25873017311096 36.0
100.43709874153137 79.0
100.6480610370636 74.0
101.10783267021179 55.0
130.09443712234497 -38.0
138.42979979515076 -98.0
138.61353039741516 -98.0
138.79486536979675 -99.0
138.99352383613586 -98.0
139.1742730140686 -98.0
139.35052061080933 -99.0
139.59208369255066 -98.0
139.81599378585815 -99.0
140.0159695148468 -98.0
140.19881868362427 -96.0
140.4230251312256 -98.0
140.65445184707642 -98.0
140.88623213768005 -98.0
141.1129286289215 -98.0
141.3981683254242 -97.0
142.54804372787476 -97.0
153.35259628295898 -43.0
153.56838297843933 -35.0
153.7504448890686 -24.0
153.9255599975586 -19.0
154.09708857536316 -17.0
154.53676080703735 -37.0
154.7342014312744 -33.0
154.9203917980194 -32.0
155.1556921005249 -33.0
155.3753559589386 -34.0
155.55861711502075 -35.0
155.77021884918213 -32.0
155.9557249546051 -30.0
156.15515041351318 -30.0
156.36461281776428 -31.0
156.54695391654968 -30.0
156.7304413318634 -29.0
156.9190013408661 -30.0
157.10666513442993 -30.0
157.28569149971008 -29.0
157.4686930179596 -38.0
157.6543231010437 -33.0
157.83067440986633 -36.0
158.01311254501343 -34.0
158.19329357147217 -35.0
158.37855100631714 -37.0
158.60318446159363 -23.0
158.83335423469543 -20.0
159.0685019493103 1.0
159.26655197143555 -6.0
159.50309443473816 0.0
159.74106812477112 2.0
159.9737765789032 6.0
160.18567085266113 -1.0
160.36227321624756 0.0
160.54870295524597 4.0
160.77739024162292 17.0
160.95715737342834 17.0
161.14067339897156 29.0
161.37474370002747 29.0
161.59081101417542 30.0
161.77362489700317 36.0
161.96434235572815 38.0
162.14650702476501 38.0
162.37619066238403 46.0
162.60534286499023 45.0
162.79654812812805 47.0
163.03246521949768 45.0
163.2686309814453 47.0
163.5088174343109 47.0
163.74315357208252 64.0
163.98451495170593 66.0
164.22605919837952 67.0
164.4599368572235 67.0
164.6883463859558 67.0
164.893141746521 66.0
165.11749458312988 65.0
165.3441767692566 65.0
165.5239770412445 63.0
165.70696234703064 54.0
165.88318276405334 55.0
166.06644892692566 41.0
166.24787878990173 59.0
166.46871542930603 62.0
166.68737530708313 62.0
166.88749527931213 60.0
167.12324738502502 62.0
167.3251416683197 62.0
167.50197005271912 62.0
167.68515849113464 62.0
167.87921261787415 58.0
168.06075620651245 57.0
168.24692821502686 56.0
168.43517088890076 45.0
168.65706968307495 43.0
169.20268177986145 55.0
169.42251682281494 39.0
169.61141538619995 38.0
169.79297351837158 56.0
169.98132753372192 40.0
170.21614408493042 40.0
170.46112370491028 39.0
170.69681239128113 41.0
170.8501958847046 58.0
171.04127192497253 40.0
171.22313284873962 41.0
171.4091875553131 61.0
171.57851552963257 65.0
171.73420763015747 43.0
171.9142382144928 41.0
172.09149384498596 34.0
172.25271201133728 30.0
172.42622685432434 18.0
172.59590029716492 23.0
172.83043837547302 16.0
173.04005599021912 5.0
173.22083258628845 3.0
173.40354657173157 -1.0
173.6464865207672 -11.0
173.8893518447876 -17.0
174.134094953537 -20.0
174.36049127578735 -24.0
174.5902910232544 -43.0
174.77009916305542 -62.0
174.95217776298523 -65.0
175.52279949188232 -56.0
175.70074486732483 -64.0
176.11695885658264 -61.0
176.3559329509735 -62.0
176.57221627235413 -60.0
176.8094835281372 -61.0
177.00431942939758 -61.0
177.2401077747345 -61.0
177.47513818740845 -61.0
177.70509243011475 -61.0
177.93264365196228 -60.0
178.14744067192078 -61.0
178.32914066314697 -61.0
178.56507873535156 -61.0
178.78865575790405 -61.0
178.99048566818237 -61.0
179.17739295959473 -61.0
179.41058373451233 -61.0
179.63411116600037 -61.0
179.81370639801025 -61.0
179.99896216392517 -62.0
180.19277548789978 -60.0
180.3729817867279 -60.0
180.5575087070465 -59.0
180.77834844589233 -60.0
181.01737999916077 -59.0
181.25376057624817 -60.0
181.4991066455841 -60.0
181.7092661857605 -60.0
181.9464511871338 -59.0
182.17115211486816 -60.0
182.35683298110962 -41.0
182.53870797157288 -60.0
182.89647769927979 -60.0
183.07711005210876 -61.0
183.63818550109863 -60.0
183.83759689331055 -57.0
184.0208294391632 -58.0
184.73399829864502 -59.0
184.9159653186798 -57.0
185.11874961853027 -41.0
185.34266257286072 -41.0
185.56125903129578 -60.0
185.7909073829651 -59.0
185.97116923332214 -60.0
186.15594267845154 -59.0
186.3424210548401 -58.0
186.52304697036743 -59.0
187.19109582901 -47.0
187.7872269153595 -62.0
188.25732707977295 -63.0
188.45774388313293 -62.0
188.64268851280212 -63.0
188.8274176120758 -64.0
189.01968026161194 -38.0
189.25474452972412 -66.0
189.4882938861847 -41.0
189.7296187877655 -64.0
189.92377281188965 -65.0
190.1136441230774 -62.0
190.29073333740234 -66.0
190.4733395576477 -49.0
190.6580069065094 -45.0
190.8334665298462 -46.0
191.01899027824402 -64.0
191.72594332695007 -70.0
191.90979528427124 -69.0
192.1421377658844 -71.0
192.33596277236938 -71.0
192.51987481117249 -73.0
192.70013308525085 -71.0
192.93457865715027 -45.0
195.0630419254303 -71.0
195.24678206443787 -48.0
195.4784450531006 -49.0
195.7127561569214 -49.0
195.94753980636597 -48.0
196.1362075805664 -70.0
196.3762538433075 -48.0
196.5684802532196 -48.0
196.80352544784546 -66.0
197.00479912757874 -66.0
197.23263883590698 -69.0
197.44882822036743 -48.0
198.28753113746643 -52.0
198.527911901474 -62.0
198.75289702415466 -59.0
198.98175191879272 -56.0
199.1811318397522 -54.0
199.40924859046936 -30.0
199.5954384803772 -25.0
199.77666330337524 -23.0
199.96040415763855 -19.0
200.14308285713196 -10.0
200.36340975761414 -4.0
200.54344153404236 2.0
200.73091459274292 8.0
200.96066284179688 16.0
201.15657114982605 20.0
201.33116483688354 1.0
201.50997519493103 29.0
201.6933045387268 43.0
201.91352462768555 47.0
202.15141582489014 43.0
202.3823173046112 44.0
202.56916975975037 43.0
202.75301504135132 43.0
202.94122552871704 44.0
203.17538928985596 43.0
203.40968775749207 46.0
203.6476137638092 46.0
203.8859007358551 47.0
204.12027978897095 47.0
204.36342525482178 48.0
204.59947609901428 49.0
204.83429527282715 49.0
205.06267929077148 49.0
205.2895107269287 50.0
205.51476335525513 51.0
205.6973216533661 51.0
205.88602018356323 51.0
206.11396193504333 52.0
206.297767162323 52.0
206.4736053943634 53.0
206.70111274719238 52.0
206.88960146903992 53.0
207.07217812538147 54.0
207.25781631469727 54.0
207.4349114894867 54.0
207.67906260490417 54.0
207.91965746879578 55.0
208.1025993824005 54.0
208.33837127685547 54.0
208.5300726890564 55.0
208.73252201080322 54.0
208.93468141555786 55.0
209.11118030548096 55.0
209.29633498191833 54.0
209.48212003707886 54.0
209.72319054603577 53.0
209.95872735977173 52.0
210.4226517677307 51.0
210.60202169418335 52.0
210.84046459197998 51.0
211.05225682258606 51.0
211.21347856521606 51.0
211.3744306564331 50.0
211.5489900112152 50.0
211.70953369140625 50.0
211.88839101791382 48.0
212.07739996910095 49.0
212.23684167861938 48.0
212.40707278251648 45.0
212.56111764907837 46.0
212.740238904953 47.0
212.9240255355835 45.0
213.10364603996277 45.0
213.3255739212036 44.0
213.56419491767883 43.0
213.80402255058289 44.0
214.04097485542297 42.0
214.24492406845093 42.0
214.4470272064209 41.0
214.68142127990723 42.0
214.9174621105194 42.0
215.15611791610718 41.0
215.38708186149597 39.0
215.62750458717346 40.0
215.8601245880127 41.0
216.0648763179779 41.0
216.2491693496704 41.0
216.4281108379364 42.0
216.610191822052 55.0
216.79339361190796 40.0
217.03490591049194 40.0
217.27031016349792 39.0
217.44425702095032 39.0
217.62097477912903 38.0
217.79823184013367 38.0
218.03129363059998 38.0
218.26202511787415 39.0
218.45582270622253 39.0
218.63833832740784 39.0
218.82282614707947 40.0
219.03721356391907 39.0
219.21976494789124 40.0
219.41123294830322 40.0
219.5932252407074 38.0
219.7707233428955 42.0
219.96160769462585 42.0
220.14099073410034 39.0
220.32892775535583 42.0
220.51038527488708 42.0
220.73675084114075 43.0
220.94692182540894 42.0
221.13423538208008 41.0
221.32905411720276 42.0
221.51003789901733 42.0
221.69808316230774 43.0
221.87823629379272 43.0
222.0646834373474 43.0
222.2444806098938 42.0
222.42705154418945 42.0
222.6104109287262 41.0
222.79735231399536 42.0
222.98147106170654 42.0
223.18552446365356 42.0
223.48224139213562 42.0
223.7202172279358 41.0
223.94852948188782 41.0
224.17632794380188 42.0
224.4033043384552 42.0
224.59007596969604 42.0
224.77212285995483 41.0
224.97219800949097 40.0
225.15563035011292 40.0
225.33679008483887 41.0
225.56531882286072 41.0
225.80526995658875 40.0
226.04250478744507 40.0
226.27302932739258 41.0
226.50911593437195 41.0
226.751140832901 40.0
226.98902773857117 42.0
227.22214651107788 41.0
227.44140100479126 42.0
227.6335949897766 41.0
227.86293721199036 40.0
228.10095810890198 40.0
228.3296811580658 40.0
228.50953364372253 39.0
228.67203164100647 40.0
228.84133219718933 40.0
229.01880049705505 41.0
229.20066595077515 41.0
229.4163384437561 41.0
229.64569568634033 41.0
229.87726664543152 41.0
230.1123411655426 41.0
230.33818125724792 41.0
230.56935334205627 41.0
230.801429271698 41.0
231.0332052707672 63.0
231.25001645088196 61.0
231.4278666973114 61.0
231.63421177864075 62.0
231.81895470619202 62.0
232.0278844833374 62.0
232.232355594635 62.0
232.43802547454834 63.0
232.6550920009613 62.0
232.87514305114746 63.0
233.10209703445435 64.0
233.30934739112854 63.0
233.49350833892822 41.0
233.68122911453247 41.0
233.85597252845764 64.0
234.04445552825928 64.0
234.22791957855225 65.0
234.40706825256348 65.0
234.58923721313477 65.0
234.77159190177917 64.0
234.9589123725891 65.0
235.18780708312988 66.0
235.41197657585144 65.0
235.59664869308472 66.0
235.8209776878357 67.0
236.0524775981903 67.0
236.23342871665955 67.0
236.41275835037231 68.0
236.59194540977478 68.0
236.7926208972931 68.0
236.98332262039185 68.0
237.22950959205627 68.0
237.46976518630981 68.0
237.69740653038025 68.0
237.93599104881287 68.0
238.17388725280762 69.0
238.40821933746338 69.0
238.64317965507507 70.0
238.84904742240906 70.0
239.07771492004395 72.0
239.31736660003662 72.0
239.55137276649475 70.0
239.78595757484436 72.0
240.0014808177948 73.0
240.1800000667572 73.0
240.35251259803772 73.0
240.53679966926575 71.0
240.71570777893066 73.0
240.89802360534668 73.0
241.08178162574768 74.0
241.32879495620728 73.0
241.5325572490692 24.0
241.71228122711182 25.0
241.95626020431519 25.0
242.1559498310089 25.0
242.39053750038147 73.0
242.59505462646484 72.0
242.84096384048462 73.0
243.07822108268738 73.0
243.31649327278137 74.0
243.55306220054626 73.0
243.73224568367004 71.0
243.9512221813202 73.0
244.13159108161926 74.0
244.3184108734131 74.0
244.49694180488586 74.0
244.65760374069214 72.0
244.82600355148315 81.0
245.00840139389038 82.0
245.191015958786 79.0
245.37344551086426 76.0
245.53666281700134 66.0
245.7085120677948 64.0
245.89291739463806 49.0
246.07091641426086 52.0
246.25635528564453 36.0
246.44706058502197 31.0
246.64948320388794 28.0
246.87652969360352 25.0
247.1034276485443 17.0
247.30627131462097 14.0
247.52060842514038 8.0
247.71075415611267 1.0
247.91649103164673 -14.0
248.09945797920227 -19.0
248.28282618522644 -23.0
248.46739983558655 -32.0
248.7037296295166 -37.0
248.91555881500244 -61.0
249.09724712371826 -65.0
249.3221879005432 -53.0
250.23656702041626 -92.0
291.6865599155426 29.0
292.07482528686523 40.0
292.2553520202637 39.0
292.43670320510864 42.0
292.67182445526123 40.0
292.8663046360016 39.0
293.0468068122864 37.0
293.2244906425476 50.0
293.4577889442444 44.0
293.6986598968506 42.0
293.92317247390747 48.0
294.10586190223694 47.0
294.2875165939331 29.0
294.46498823165894 27.0
294.7020454406738 26.0
294.9423563480377 25.0
295.1431972980499 25.0
295.32555866241455 22.0
295.50767397880554 19.0
295.74024868011475 17.0
295.9747989177704 16.0
296.2185962200165 17.0
296.4657874107361 18.0
296.71661472320557 30.0
296.9145860671997 15.0
297.1604676246643 15.0
297.36115407943726 16.0
297.55357027053833 16.0
297.7408001422882 14.0
297.9331738948822 14.0
298.1240336894989 13.0
298.3149411678314 12.0
298.51145458221436 18.0
298.7496531009674 10.0
298.930969953537 13.0
299.1241760253906 9.0
299.30570101737976 9.0
299.49676752090454 11.0
299.77274107933044 9.0
300.0071494579315 8.0
300.1977732181549 7.0
300.3850679397583 7.0
300.60292744636536 21.0
300.8439407348633 8.0
301.0773415565491 18.0
301.2621638774872 19.0
301.5069844722748 14.0
301.72367119789124 8.0
301.9588119983673 24.0
302.174955368042 22.0
302.55140471458435 23.0
302.77569484710693 8.0
303.18328404426575 4.0
303.4259479045868 9.0
303.6638174057007 5.0
303.8841965198517 3.0
304.12387704849243 6.0
304.36307549476624 1.0
304.5668890476227 3.0
304.77890515327454 2.0
304.9653389453888 3.0
305.1524739265442 0.0
305.34029507637024 1.0
305.53493332862854 1.0
305.7363498210907 1.0
305.921587228775 1.0
306.16070103645325 17.0
306.3756983280182 16.0
306.61439776420593 17.0
306.8431475162506 17.0
307.0519914627075 16.0
307.25113916397095 17.0
307.4935779571533 17.0
307.72378945350647 1.0
307.9120900630951 1.0
308.11041927337646 14.0
308.3256661891937 17.0
308.51963233947754 2.0
308.7087790966034 5.0
308.88144969940186 17.0
309.0571632385254 20.0
309.2364583015442 1.0
309.4124553203583 1.0
309.5782449245453 2.0
309.7472357749939 2.0
309.91705799102783 20.0
310.1053795814514 2.0
310.2650475502014 2.0
310.43374824523926 2.0
310.6346778869629 19.0
310.7946779727936 1.0
310.9605255126953 2.0
311.16219687461853 2.0
311.34950518608093 1.0
311.5915958881378 1.0
311.8291094303131 1.0
312.015825510025 19.0
312.1632375717163 18.0
312.3240156173706 18.0
312.5007674694061 1.0
312.65777707099915 17.0
312.82444620132446 17.0
312.9881410598755 16.0
313.1406018733978 16.0
313.31213998794556 16.0
313.47189831733704 18.0
313.61614990234375 16.0
313.7905948162079 17.0
314.0097243785858 17.0
314.23075556755066 18.0
314.4420118331909 16.0
314.65660762786865 1.0
314.8927707672119 1.0
315.12338161468506 1.0
315.35377264022827 1.0
315.60663533210754 16.0
315.84401845932007 2.0
316.0799741744995 4.0
316.32427310943604 3.0
316.57214760780334 2.0
316.8117959499359 1.0
317.0445475578308 4.0
317.2756552696228 3.0
317.4969530105591 3.0
317.7228729724884 4.0
317.94819045066833 20.0
318.1751055717468 3.0
318.4133222103119 1.0
318.64594984054565 4.0
318.882285118103 3.0
319.128625869751 18.0
319.3690733909607 16.0
319.6090486049652 16.0
319.84070324897766 3.0
320.0259883403778 3.0
320.2610664367676 18.0
320.4837911128998 15.0
320.7202305793762 3.0
320.9657702445984 16.0
321.1936688423157 16.0
321.414263010025 13.0
321.5943534374237 14.0
321.7869544029236 3.0
322.0041229724884 15.0
322.1851408481598 14.0
322.36599373817444 15.0
322.5880446434021 15.0
322.82323360443115 13.0
323.0511898994446 3.0
323.25433325767517 12.0
323.43823981285095 3.0
323.62897205352783 14.0
323.8348340988159 4.0
324.0110547542572 4.0
324.1889977455139 3.0
324.3746917247772 3.0
324.5715594291687 3.0
324.79991006851196 3.0
325.0430417060852 3.0
325.24717593193054 3.0
325.44644260406494 15.0
325.6234841346741 11.0
325.79830598831177 17.0
326.03672909736633 17.0
326.26870131492615 17.0
326.4989757537842 18.0
326.7355544567108 18.0
326.9773223400116 18.0
327.2182672023773 18.0
327.4444615840912 18.0
327.62346386909485 17.0
327.86366868019104 16.0
328.10406851768494 17.0
328.34367418289185 15.0
328.58487129211426 15.0
328.8225305080414 16.0
329.0633211135864 15.0
329.29296231269836 14.0
329.5229709148407 14.0
329.75510692596436 13.0
329.99487257003784 11.0
330.19103622436523 4.0
330.3774254322052 1.0
330.5924479961395 3.0
330.8256890773773 2.0
331.06211137771606 1.0
331.2991979122162 1.0
331.53873085975647 -3.0
331.7449691295624 -20.0
