1.5999200344085693 -8.0
1.7870938777923584 -6.0
1.9868335723876953 -7.0
2.232160806655884 -7.0
2.4649245738983154 -6.0
2.697942018508911 -6.0
2.929821014404297 -6.0
3.159723997116089 -4.0
3.363656759262085 -6.0
3.541022777557373 -6.0
3.7237606048583984 -6.0
3.9030532836914062 -6.0
4.091932773590088 -5.0
4.318706274032593 -5.0
4.503676176071167 -5.0
4.682159423828125 -5.0
4.865081310272217 -5.0
5.259209156036377 -5.0
5.487950086593628 -5.0
5.71834659576416 -5.0
5.945028781890869 -5.0
6.1775712966918945 -5.0
6.4140543937683105 -4.0
6.644968271255493 -4.0
6.881959915161133 -4.0
7.0723206996917725 -4.0
7.437921762466431 -4.0
7.624643564224243 -4.0
8.566134214401245 -3.0
8.798834562301636 -3.0
9.034146308898926 -3.0
9.271889686584473 -4.0
9.504842042922974 -3.0
9.738805294036865 -3.0
9.97707748413086 -3.0
10.162246704101562 -5.0
10.401925802230835 -5.0
10.636627912521362 0.0
10.844093561172485 -4.0
11.02242112159729 -4.0
11.216570854187012 0.0
11.430477380752563 0.0
11.668227910995483 0.0
11.90179967880249 0.0
12.143179416656494 -5.0
12.382705211639404 -5.0
12.624790906906128 0.0
13.091827630996704 -3.0
14.028369665145874 0.0
14.240044593811035 -5.0
14.423426389694214 -2.0
14.643025875091553 -3.0
14.822370529174805 -3.0
15.175175189971924 -3.0
15.774213314056396 -2.0
15.99661135673523 -4.0
16.221020698547363 -6.0
16.422409534454346 -21.0
16.657755136489868 -17.0
16.881911039352417 -5.0
17.073565006256104 -5.0
17.264405012130737 -13.0
17.494827032089233 -22.0
17.717236757278442 2.0
17.965972900390625 -8.0
18.17373538017273 -12.0
18.34347891807556 -7.0
18.50982666015625 -7.0
18.665754318237305 -5.0
18.817885160446167 -10.0
18.984217405319214 -11.0
19.13327145576477 -12.0
19.30152177810669 -7.0
19.473334789276123 -8.0
19.66162919998169 -3.0
19.840377807617188 -13.0
20.02526092529297 -6.0
20.21685266494751 -16.0
20.898290157318115 0.0
21.1003897190094 -1.0
21.33677840232849 -18.0
21.564921855926514 -8.0
21.770674228668213 -8.0
21.959487438201904 -9.0
22.148175716400146 -9.0
22.32834029197693 -9.0
22.503376960754395 -19.0
22.684059858322144 -23.0
22.86631417274475 -19.0
23.089929819107056 -13.0
23.30587935447693 -11.0
23.51939582824707 -16.0
23.704413652420044 -21.0
23.88864254951477 -6.0
24.120068073272705 -11.0
24.357701539993286 -11.0
24.5734543800354 -9.0
24.75735330581665 -23.0
24.94086241722107 -21.0
25.124297857284546 -13.0
25.30516028404236 -17.0
25.488324642181396 -7.0
25.66599750518799 -20.0
25.84441351890564 -23.0
26.022367477416992 -19.0
26.228355646133423 -7.0
26.470295667648315 -5.0
26.708637714385986 -6.0
26.943697214126587 -1.0
27.184377908706665 -2.0
27.95892858505249 -8.0
28.166413068771362 -5.0
28.395313024520874 -1.0
28.623233556747437 -1.0
29.091180086135864 -5.0
29.332275867462158 10.0
29.529841423034668 3.0
29.714776754379272 -5.0
30.07325267791748 -3.0
30.270029544830322 -4.0
32.189821004867554 -4.0
32.42799663543701 -3.0
72.43225479125977 7.0
72.91464352607727 -4.0
74.3454225063324 -9.0
74.58274698257446 6.0
74.82724833488464 6.0
75.01887083053589 6.0
75.2525737285614 7.0
75.46111059188843 7.0
75.64720249176025 8.0
75.82954335212708 8.0
76.01257705688477 7.0
76.24235343933105 7.0
76.46841883659363 5.0
76.69706583023071 6.0
76.92491674423218 8.0
77.15289354324341 8.0
77.33496141433716 9.0
77.52191233634949 -1.0
77.69653177261353 8.0
77.90547275543213 9.0
78.08593559265137 9.0
78.27549028396606 10.0
78.46304726600647 8.0
78.639723777771 10.0
78.81978130340576 10.0
79.01573753356934 11.0
79.1907868385315 10.0
79.37617492675781 7.0
79.55714321136475 11.0
79.74607396125793 10.0
79.97693586349487 10.0
80.21693634986877 10.0
80.42262148857117 9.0
80.60882043838501 8.0
80.79180192947388 8.0
80.97123861312866 8.0
81.15832495689392 7.0
81.35716891288757 8.0
81.53472805023193 7.0
81.77103805541992 5.0
82.00937032699585 5.0
82.22090148925781 2.0
82.39640617370605 6.0
82.57075095176697 2.0
82.76667761802673 2.0
82.94704055786133 1.0
83.13475632667542 0.0
83.32732439041138 -2.0
83.51361846923828 2.0
83.69645857810974 2.0
83.90047883987427 2.0
84.1290717124939 1.0
84.36587357521057 7.0
84.59597086906433 1.0
84.82677030563354 2.0
85.06618905067444 3.0
85.29690456390381 2.0
85.52752614021301 2.0
85.75678730010986 -4.0
85.98295497894287 -3.0
86.1919276714325 -1.0
86.37272572517395 -1.0
86.55660057067871 0.0
86.79674196243286 0.0
86.97822070121765 1.0
87.16542077064514 1.0
87.34741067886353 1.0
87.53221011161804 1.0
87.71783113479614 1.0
87.89817595481873 1.0
88.06040024757385 2.0
88.21886801719666 2.0
88.41270732879639 2.0
88.59806418418884 1.0
88.78959536552429 2.0
88.96986889839172 1.0
89.16053462028503 1.0
89.34801936149597 2.0
89.57465171813965 2.0
89.80682134628296 1.0
90.04314231872559 1.0
90.25061368942261 2.0
90.43545722961426 0.0
90.61952209472656 1.0
90.84048771858215 0.0
91.02484941482544 2.0
91.20414447784424 3.0
91.38495397567749 3.0
91.60875129699707 3.0
91.8307957649231 4.0
92.01710414886475 0.0
92.25500559806824 1.0
92.49214291572571 -4.0
92.67324376106262 -3.0
92.85109567642212 -6.0
93.03933882713318 -3.0
93.21448612213135 -2.0
93.45482563972473 0.0
93.68800663948059 0.0
93.91177558898926 1.0
94.14413666725159 2.0
94.38089203834534 2.0
94.56120228767395 -1.0
