13.407434701919556 19.0
13.607840299606323 19.0
13.852921485900879 19.0
14.087995052337646 25.0
14.29819917678833 25.0
14.547607660293579 27.0
14.777345895767212 27.0
15.251969575881958 26.0
15.466389656066895 24.0
15.67684817314148 26.0
15.912569046020508 26.0
16.13745403289795 28.0
16.370713233947754 27.0
16.610570430755615 27.0
16.8188955783844 30.0
17.051411390304565 33.0
17.289446115493774 33.0
17.516380548477173 33.0
17.776912689208984 34.0
18.03158211708069 35.0
18.273892402648926 38.0
18.534117937088013 39.0
18.76966118812561 40.0
19.01127052307129 39.0
19.227159023284912 40.0
19.402202367782593 42.0
19.586476802825928 42.0
19.827176570892334 44.0
20.08856749534607 45.0
20.324538469314575 46.0
20.563588619232178 46.0
20.79951548576355 46.0
21.03916096687317 46.0
21.254367113113403 47.0
21.435423612594604 47.0
21.636419773101807 47.0
21.81330966949463 48.0
21.993749618530273 48.0
22.188958406448364 48.0
22.375382900238037 48.0
22.616413593292236 48.0
22.878273725509644 48.0
23.120265245437622 48.0
23.35814881324768 48.0
23.593932151794434 48.0
23.793431043624878 47.0
23.96758246421814 48.0
24.20172381401062 47.0
24.39080500602722 48.0
24.595637798309326 50.0
24.853291511535645 51.0
25.090983152389526 54.0
25.341923713684082 57.0
25.576300382614136 60.0
25.831884384155273 61.0
26.084028005599976 63.0
26.309338331222534 65.0
26.492536306381226 68.0
26.742050409317017 71.0
28.72306799888611 78.0
29.20706534385681 85.0
29.45102834701538 86.0
29.697837591171265 82.0
29.912763118743896 80.0
30.14987587928772 82.0
30.584864616394043 89.0
34.651174783706665 99.0
36.50706148147583 97.0
38.994248151779175 55.0
39.20690298080444 57.0
39.39032578468323 57.0
39.6218044757843 59.0
39.87358546257019 66.0
40.12782287597656 69.0
40.37301445007324 68.0
40.63595366477966 73.0
40.89737248420715 63.0
41.16707372665405 66.0
41.42201828956604 62.0
41.65873885154724 59.0
41.90249681472778 58.0
42.15053915977478 56.0
42.39508032798767 56.0
42.635518312454224 55.0
43.08707809448242 50.0
43.276352643966675 46.0
43.463128089904785 44.0
43.700868129730225 49.0
43.909165382385254 45.0
44.13809156417847 34.0
44.367464542388916 30.0
44.62364053726196 25.0
44.87889266014099 25.0
45.1495406627655 23.0
45.40925312042236 23.0
45.59110927581787 15.0
45.773844957351685 13.0
46.01950001716614 17.0
46.28273367881775 16.0
46.542673110961914 25.0
46.7913761138916 29.0
47.03716707229614 32.0
47.2832453250885 35.0
47.5423321723938 31.0
48.04372453689575 51.0
49.86977028846741 74.0
53.366843700408936 102.0
53.619028091430664 103.0
54.10537934303284 101.0
79.49313831329346 25.0
79.6713514328003 26.0
80.39434766769409 26.0
82.16624307632446 25.0
83.19529604911804 27.0
83.42461705207825 27.0
83.65518283843994 28.0
83.87057995796204 29.0
84.07006096839905 29.0
84.3043441772461 22.0
84.53335118293762 28.0
84.76507306098938 22.0
84.98883128166199 23.0
85.19187045097351 23.0
86.2436363697052 24.0
86.74296927452087 23.0
90.72553586959839 65.0
90.96083474159241 68.0
91.13737177848816 68.0
91.31980466842651 68.0
91.55156826972961 71.0
91.7786033153534 71.0
91.95791482925415 73.0
92.14207196235657 74.0
92.36819696426392 77.0
92.55143165588379 77.0
92.77920937538147 80.0
92.99470400810242 85.0
93.46008014678955 83.0
93.69559669494629 84.0
141.25269222259521 -18.0
145.27029633522034 -2.0
146.9443211555481 -9.0
147.1702902317047 -6.0
147.35742282867432 -4.0
147.5723593235016 -2.0
147.80611658096313 2.0
148.04239082336426 1.0
148.27922344207764 5.0
148.57599520683289 6.0
148.8303346633911 1.0
149.0710039138794 8.0
149.32534861564636 18.0
149.5444803237915 16.0
149.79402422904968 18.0
150.04941606521606 16.0
150.28759121894836 17.0
150.52195358276367 22.0
150.75677156448364 21.0
150.9876527786255 25.0
151.242418050766 28.0
151.8856554031372 38.0
152.1462848186493 41.0
152.40944147109985 44.0
152.64925837516785 49.0
158.33761286735535 48.0
159.28007531166077 45.0
159.5054371356964 46.0
161.40563893318176 50.0
161.64387607574463 48.0
161.8712375164032 48.0
162.34084725379944 54.0
162.76434445381165 55.0
162.99561953544617 56.0
163.1744921207428 66.0
163.36985278129578 70.0
163.60484337806702 69.0
163.8615846633911 72.0
164.1165406703949 73.0
164.35016798973083 75.0
164.58536458015442 77.0
165.28503680229187 86.0
168.66839146614075 18.0
168.90186476707458 15.0
169.1419439315796 6.0
169.39328241348267 -18.0
169.65134119987488 -17.0
169.87773990631104 -17.0
170.13366103172302 -16.0
170.3518943786621 -14.0
170.59280633926392 -7.0
170.83072471618652 -6.0
171.0636477470398 -6.0
171.55734014511108 -14.0
171.81848239898682 -18.0
172.04569506645203 -22.0
172.2284436225891 -2.0
172.42284035682678 -2.0
172.66343188285828 -36.0
172.84153485298157 -20.0
173.058114528656 -41.0
173.30048441886902 -65.0
173.53196501731873 -68.0
173.76214218139648 -71.0
173.97562336921692 -77.0
174.16643691062927 -81.0
174.40050840377808 -84.0
174.64229369163513 -89.0
174.89768290519714 -94.0
175.1431577205658 -99.0
175.53614592552185 -100.0
175.78008842468262 -104.0
176.02278447151184 -106.0
176.2581799030304 -108.0
214.67724299430847 -90.0
214.85507726669312 -86.0
215.0374891757965 -83.0
215.21343064308167 -75.0
215.39091086387634 -69.0
215.58273839950562 -67.0
215.78330636024475 -63.0
215.95520401000977 -55.0
216.1409113407135 -55.0
216.36955308914185 -56.0
216.60008549690247 -55.0
216.82721996307373 -55.0
217.05360531806946 -55.0
221.62902879714966 28.0
221.86255836486816 28.0
222.0908362865448 27.0
222.32269930839539 26.0
222.54847812652588 18.0
222.7628185749054 18.0
222.94193387031555 18.0
223.11990451812744 18.0
223.29304480552673 17.0
223.5106451511383 21.0
223.74409914016724 23.0
223.98647570610046 21.0
224.16636538505554 21.0
224.39580059051514 20.0
224.57080745697021 18.0
224.81111025810242 19.0
224.98843050003052 20.0
225.17011308670044 21.0
225.40877199172974 21.0
225.63609862327576 21.0
225.87166047096252 20.0
226.07287096977234 20.0
226.26611375808716 20.0
226.48358798027039 20.0
226.70881938934326 21.0
226.93263125419617 21.0
227.15675020217896 19.0
227.35862040519714 18.0
227.53635621070862 19.0
227.7638566493988 18.0
227.99613523483276 19.0
228.21679639816284 21.0
228.4494366645813 20.0
228.63567757606506 25.0
228.86674904823303 25.0
229.0533151626587 25.0
229.23298001289368 25.0
229.4564323425293 22.0
229.68171668052673 18.0
229.90929698944092 18.0
230.14255785942078 18.0
230.34162139892578 18.0
230.5366714000702 18.0
230.71419954299927 27.0
230.89987969398499 23.0
231.0760633945465 18.0
231.25737142562866 19.0
231.47602367401123 18.0
231.6560778617859 18.0
231.8334517478943 27.0
232.0296549797058 28.0
232.20829057693481 27.0
232.38763976097107 17.0
232.56562876701355 18.0
232.74781942367554 20.0
232.93180751800537 18.0
233.1228096485138 20.0
233.30796909332275 19.0
233.53540921211243 17.0
233.76052474975586 17.0
233.9872498512268 17.0
234.20949840545654 17.0
234.38636016845703 17.0
234.56941962242126 17.0
235.0261950492859 15.0
235.5154731273651 24.0
235.7404294013977 24.0
236.09446144104004 25.0
236.33189129829407 18.0
236.5850830078125 22.0
236.8231029510498 23.0
237.03966760635376 23.0
237.22150564193726 23.0
237.58247208595276 24.0
237.80923771858215 24.0
238.03418707847595 22.0
238.2433865070343 20.0
238.70058393478394 19.0
238.92086696624756 23.0
239.2147879600525 21.0
239.42116498947144 25.0
239.64931273460388 20.0
239.85120916366577 18.0
240.0291829109192 18.0
240.20917749404907 19.0
240.39316701889038 22.0
240.6243417263031 24.0
240.85114288330078 24.0
241.0759060382843 24.0
241.30545854568481 23.0
241.4981460571289 25.0
241.67722845077515 24.0
241.94376015663147 25.0
242.22737002372742 47.0
242.47584342956543 25.0
242.71217942237854 24.0
242.94938611984253 24.0
243.18219423294067 26.0
243.4083375930786 26.0
243.64584469795227 25.0
243.88279938697815 25.0
244.14514303207397 25.0
244.38198041915894 25.0
244.611168384552 24.0
244.85204529762268 25.0
245.08901476860046 24.0
245.34463334083557 25.0
245.5964493751526 23.0
246.54950547218323 45.0
246.79386711120605 46.0
247.04091262817383 46.0
247.5078010559082 46.0
247.76957440376282 23.0
248.01691603660583 24.0
248.25192785263062 23.0
248.45891046524048 25.0
248.69061970710754 23.0
248.8802535533905 23.0
249.06111478805542 23.0
249.31884360313416 41.0
249.5580232143402 23.0
249.78569746017456 23.0
249.983389377594 24.0
250.19444227218628 24.0
250.37202501296997 24.0
250.59798884391785 25.0
250.80711579322815 43.0
250.9834587574005 42.0
251.16006588935852 43.0
251.33836579322815 25.0
251.54347372055054 25.0
251.7232403755188 42.0
251.91893339157104 42.0
252.09251832962036 42.0
252.32515215873718 42.0
252.56488490104675 24.0
252.80142974853516 23.0
253.03828716278076 23.0
253.27682638168335 38.0
253.5160562992096 23.0
253.75002717971802 22.0
253.99643397331238 24.0
254.23340463638306 40.0
254.46537399291992 34.0
254.69168138504028 41.0
254.89933156967163 23.0
255.12885212898254 38.0
255.35480499267578 32.0
255.5701322555542 23.0
255.74009370803833 38.0
256.1055557727814 40.0
256.2981457710266 25.0
256.4796266555786 24.0
256.6555931568146 36.0
256.85404992103577 20.0
257.0878908634186 25.0
257.3229932785034 37.0
257.55619168281555 41.0
257.8182923793793 39.0
258.06823897361755 25.0
258.29371786117554 43.0
258.5199236869812 26.0
258.7802698612213 42.0
259.0150136947632 43.0
259.25796699523926 26.0
259.45838379859924 25.0
259.6359136104584 45.0
259.8147294521332 25.0
259.99243569374084 46.0
260.2033658027649 25.0
260.4551372528076 47.0
260.69897747039795 47.0
260.9313542842865 47.0
261.10779762268066 48.0
261.2884967327118 29.0
261.4669940471649 47.0
261.649356842041 47.0
261.884001493454 28.0
262.1170027256012 27.0
262.34409260749817 29.0
262.5995445251465 30.0
262.844211101532 28.0
263.0694839954376 27.0
263.2808361053467 27.0
263.4724111557007 26.0
263.7054007053375 27.0
263.9527313709259 27.0
264.1839988231659 46.0
264.4008090496063 46.0
264.5771231651306 27.0
264.75524258613586 25.0
264.9380900859833 49.0
265.11727142333984 38.0
265.37060379981995 40.0
265.6215627193451 35.0
265.82540559768677 32.0
266.0070312023163 28.0
266.36661314964294 6.0
266.78202271461487 -5.0
266.9769730567932 -16.0
267.5681757926941 1.0
267.79572892189026 -30.0
268.2992124557495 -14.0
310.89693999290466 -14.0
311.1275577545166 1.0
311.49020886421204 12.0
311.7482941150665 14.0
311.99572229385376 23.0
329.0419542789459 2.0
329.2703685760498 2.0
329.50084829330444 2.0
329.7355201244354 2.0
330.005469083786 1.0
330.26540875434875 2.0
330.5216209888458 2.0
330.77338004112244 2.0
331.0342376232147 2.0
331.28401136398315 1.0
331.50048780441284 1.0
331.7101538181305 6.0
331.93194675445557 8.0
332.1608612537384 5.0
332.400390625 2.0
332.61788034439087 -1.0
332.85697865486145 -1.0
333.0813591480255 -4.0
333.2683963775635 -10.0
337.8192250728607 -97.0
338.0688304901123 -98.0
338.329149723053 -97.0
338.57372879981995 -98.0
338.83617639541626 -98.0
364.8618941307068 -97.0
385.8310446739197 -2.0
386.09270191192627 -1.0
386.36204409599304 4.0
386.60235691070557 3.0
387.0857312679291 25.0
387.3313615322113 33.0
387.5254032611847 29.0
387.8302836418152 23.0
388.076947927475 24.0
388.31005811691284 22.0
388.56851053237915 22.0
388.773056268692 22.0
388.9606785774231 23.0
389.2242395877838 24.0
389.4765717983246 25.0
389.6784121990204 25.0
389.9422993659973 23.0
390.2101182937622 25.0
390.4807929992676 22.0
390.7409505844116 22.0
390.97791361808777 25.0
391.2229759693146 21.0
391.472288608551 20.0
391.70697259902954 21.0
391.9376964569092 28.0
392.1801824569702 35.0
392.41895270347595 24.0
392.6608145236969 37.0
392.89016580581665 19.0
393.121643781662 18.0
393.3503141403198 20.0
393.552419424057 21.0
393.7420184612274 20.0
393.93089270591736 18.0
394.1537973880768 19.0
394.393846988678 20.0
394.63840436935425 21.0
394.96220326423645 21.0
395.23256254196167 21.0
395.480619430542 19.0
395.7147204875946 20.0
395.950350522995 22.0
396.4112160205841 20.0
396.63931369781494 18.0
396.8738031387329 21.0
397.10666728019714 20.0
397.3324046134949 21.0
397.5573043823242 19.0
397.74269580841064 18.0
397.9256556034088 18.0
398.10661220550537 19.0
398.2890856266022 20.0
398.469530582428 19.0
398.6681098937988 19.0
398.87319707870483 17.0
399.224009513855 18.0
399.5860502719879 39.0
399.75877022743225 19.0
399.98873829841614 19.0
400.7482488155365 19.0
401.03844237327576 19.0
401.30135130882263 19.0
401.7905206680298 18.0
403.2832534313202 18.0
403.53592014312744 18.0
403.8242280483246 18.0
404.0565104484558 18.0
406.3569166660309 19.0
406.54505681991577 21.0
407.667685508728 21.0
407.922158241272 19.0
408.1636016368866 20.0
408.3817415237427 19.0
408.62175369262695 20.0
408.8572361469269 20.0
409.04447412490845 21.0
409.27393770217896 20.0
409.4817042350769 19.0
409.6783649921417 19.0
409.9076495170593 21.0
410.12926197052 23.0
410.3547523021698 23.0
410.58180570602417 20.0
410.7677676677704 21.0
411.0180411338806 22.0
411.2488045692444 22.0
411.4816665649414 23.0
411.710161447525 23.0
411.9395384788513 22.0
412.17785143852234 15.0
412.41317081451416 22.0
412.67203974723816 22.0
412.91017985343933 22.0
413.0960612297058 23.0
413.2866675853729 22.0
413.48334288597107 23.0
413.6626913547516 24.0
413.8467547893524 21.0
414.0261056423187 22.0
414.3801176548004 23.0
414.55890822410583 15.0
414.7377963066101 15.0
414.9162178039551 13.0
415.09789180755615 12.0
415.2907245159149 13.0
415.56598377227783 15.0
415.83426213264465 15.0
416.06508564949036 14.0
416.31805515289307 14.0
416.57874822616577 13.0
416.8152115345001 12.0
417.00134801864624 12.0
417.23605275154114 25.0
417.4914093017578 12.0
417.7378399372101 24.0
417.97750186920166 25.0
418.50367975234985 12.0
418.7711293697357 26.0
419.24038004875183 24.0
419.44764399528503 12.0
419.6552481651306 12.0
419.91923475265503 20.0
420.1714427471161 17.0
420.39906001091003 15.0
420.6481318473816 16.0
420.89115023612976 17.0
421.12552547454834 17.0
421.37136602401733 15.0
421.61401176452637 7.0
421.87548089027405 14.0
422.1285526752472 15.0
422.38494348526 14.0
422.63813519477844 7.0
422.86154317855835 10.0
423.11300563812256 5.0
423.369615316391 13.0
423.60801219940186 12.0
423.8535404205322 12.0
424.11247205734253 6.0
424.3629698753357 6.0
424.56345295906067 7.0
424.80627965927124 7.0
425.0579159259796 13.0
425.3077349662781 13.0
425.55787992477417 6.0
425.81460881233215 13.0
426.0718560218811 14.0
426.32172083854675 11.0
426.55375599861145 6.0
426.786048412323 6.0
427.0343346595764 6.0
427.2368257045746 11.0
427.4875433444977 6.0
427.7246024608612 6.0
427.9213037490845 6.0
428.13251280784607 12.0
428.31606101989746 12.0
428.54934000968933 13.0
428.8018546104431 13.0
429.05393505096436 14.0
429.28143787384033 14.0
429.51698899269104 13.0
429.7434113025665 14.0
429.92246079444885 13.0
430.0974187850952 14.0
430.328311920166 13.0
430.5638973712921 14.0
430.7902731895447 13.0
431.0186092853546 13.0
431.24182391166687 15.0
431.5063953399658 14.0
431.7634003162384 8.0
432.0161418914795 14.0
432.2604179382324 7.0
432.4678785800934 15.0
432.7949810028076 8.0
432.97318840026855 14.0
433.1735544204712 14.0
433.4105558395386 9.0
433.6364223957062 9.0
433.88669538497925 9.0
434.13921880722046 9.0
434.3696403503418 9.0
434.59615302085876 9.0
434.83287525177 15.0
435.06172585487366 15.0
435.288321018219 10.0
435.55190563201904 16.0
435.81087613105774 10.0
436.00933957099915 9.0
436.1909227371216 9.0
436.36452460289 16.0
436.5910909175873 15.0
436.84690141677856 14.0
437.09155082702637 10.0
437.3314411640167 14.0
437.56085681915283 14.0
437.83086609840393 15.0
438.08543610572815 15.0
438.33365774154663 15.0
438.5999493598938 15.0
438.8605673313141 14.0
439.11254239082336 15.0
439.33961749076843 15.0
439.5638813972473 14.0
439.810551404953 12.0
439.9953510761261 11.0
440.18992710113525 9.0
440.3705327510834 10.0
440.5558383464813 11.0
440.8243854045868 12.0
441.0559079647064 10.0
441.29530477523804 9.0
441.5033257007599 9.0
441.7267713546753 10.0
441.9711768627167 9.0
442.1996476650238 9.0
442.4389660358429 7.0
442.64289355278015 7.0
442.8770170211792 8.0
443.10910725593567 9.0
443.3485836982727 10.0
443.57309913635254 3.0
443.78444600105286 4.0
444.03375720977783 9.0
444.2861273288727 3.0
444.53418040275574 12.0
444.74434328079224 10.0
444.923015832901 9.0
445.1188530921936 1.0
445.3483877182007 8.0
445.58941984176636 10.0
445.82996368408203 5.0
446.0923104286194 6.0
446.3569278717041 4.0
446.54450941085815 5.0
446.7825028896332 9.0
447.03918743133545 5.0
447.30727529525757 4.0
447.53277707099915 3.0
447.77434182167053 3.0
448.0083465576172 7.0
448.23803448677063 3.0
448.4869101047516 3.0
448.7272005081177 6.0
448.9565420150757 6.0
449.196084022522 13.0
449.42940974235535 9.0
449.6695728302002 11.0
449.90892457962036 14.0
450.1616098880768 13.0
450.39919424057007 16.0
450.6516115665436 13.0
450.9053874015808 12.0
451.1469521522522 8.0
451.3949201107025 9.0
451.64013957977295 10.0
451.8418228626251 7.0
452.02761125564575 7.0
452.26488041877747 4.0
452.4561185836792 3.0
452.69297647476196 8.0
452.9293007850647 4.0
453.18709993362427 3.0
453.4419867992401 2.0
453.6992681026459 2.0
453.96179485321045 9.0
454.2130801677704 4.0
454.4606206417084 4.0
454.69556069374084 3.0
454.9536130428314 4.0
455.20761585235596 3.0
455.46435165405273 5.0
455.7173924446106 4.0
455.97372555732727 5.0
456.2279739379883 6.0
456.4751989841461 4.0
456.7105703353882 3.0
456.95531702041626 4.0
457.1803662776947 3.0
457.4315357208252 3.0
457.68456768989563 2.0
457.92572498321533 2.0
458.15538144111633 2.0
458.3453633785248 3.0
458.5444655418396 4.0
458.7516942024231 4.0
458.98680424690247 3.0
459.1944844722748 6.0
459.3908669948578 3.0
459.6190552711487 2.0
459.8529131412506 2.0
460.0990791320801 2.0
460.35024881362915 0.0
460.60275316238403 0.0
460.854243516922 0.0
461.05824398994446 1.0
461.30944061279297 3.0
461.5673038959503 1.0
461.8063952922821 -1.0
462.0575592517853 7.0
