14.333747148513794 22.0
14.554772853851318 23.0
14.802160501480103 23.0
15.018442392349243 25.0
15.24568223953247 26.0
15.452261447906494 27.0
15.641548156738281 26.0
15.82124400138855 27.0
16.053896188735962 27.0
16.290185928344727 26.0
16.52948760986328 26.0
16.710318565368652 26.0
16.896881103515625 29.0
17.125283241271973 30.0
17.355173110961914 31.0
17.54266119003296 29.0
17.79201579093933 32.0
18.067161798477173 32.0
18.345227003097534 32.0
18.577491521835327 32.0
18.818645477294922 34.0
19.089308261871338 34.0
19.324214696884155 49.0
19.56222939491272 33.0
19.804333209991455 34.0
20.043295860290527 34.0
20.280597448349 33.0
20.533138036727905 35.0
20.77630376815796 35.0
21.029903888702393 36.0
21.289072275161743 35.0
21.544629335403442 35.0
21.80547070503235 37.0
22.07553195953369 36.0
22.344253540039062 37.0
22.559712171554565 38.0
22.827388286590576 38.0
23.056875228881836 38.0
23.301502466201782 38.0
23.547097206115723 39.0
23.822242975234985 39.0
24.03393244743347 39.0
24.21939182281494 37.0
24.404634475708008 38.0
24.600696325302124 39.0
24.838292837142944 39.0
25.020164728164673 38.0
25.278128385543823 38.0
25.53494358062744 38.0
25.775133848190308 38.0
25.994776964187622 38.0
26.224350452423096 37.0
26.459876537322998 41.0
26.719908475875854 43.0
26.98041844367981 73.0
27.211881160736084 74.0
27.405328273773193 80.0
27.665849208831787 72.0
27.929264783859253 81.0
28.16638946533203 84.0
28.39466953277588 85.0
28.627363920211792 87.0
29.06625533103943 89.0
29.251498222351074 97.0
29.43664526939392 97.0
29.63120937347412 98.0
29.989514112472534 97.0
30.218079566955566 98.0
30.444573163986206 98.0
30.62552833557129 97.0
30.98447847366333 98.0
39.84624433517456 36.0
40.36842441558838 34.0
40.78271412849426 33.0
47.62396764755249 96.0
48.08778953552246 97.0
48.272374391555786 98.0
48.72207188606262 98.0
48.96923303604126 98.0
49.2025191783905 98.0
49.43606877326965 98.0
49.9090530872345 98.0
50.15291666984558 98.0
50.38843870162964 98.0
50.622257232666016 98.0
51.08399534225464 98.0
51.79284310340881 97.0
59.475075244903564 98.0
59.705416440963745 98.0
59.8964421749115 98.0
60.076544761657715 98.0
60.496715784072876 98.0
60.738765716552734 98.0
60.972811698913574 98.0
61.21357345581055 98.0
61.67893743515015 98.0
63.93252229690552 99.0
64.32711696624756 100.0
64.50142693519592 101.0
67.56951665878296 100.0
67.82971596717834 101.0
68.07914328575134 100.0
68.327152967453 100.0
68.560063123703 99.0
68.8133020401001 99.0
71.92450547218323 99.0
72.40833520889282 99.0
72.67484021186829 99.0
72.92748355865479 99.0
73.16340041160583 100.0
73.41694617271423 99.0
73.68234419822693 100.0
73.91799998283386 100.0
74.18796801567078 100.0
74.44319486618042 100.0
74.6775131225586 100.0
74.93411040306091 102.0
75.19653511047363 100.0
75.44513201713562 99.0
76.28662109375 99.0
76.53483581542969 99.0
76.76746225357056 99.0
77.00683045387268 100.0
77.20272469520569 100.0
77.46572947502136 100.0
77.7157654762268 99.0
77.94441103935242 100.0
78.40528297424316 99.0
78.63773322105408 100.0
78.85272812843323 100.0
79.31621599197388 102.0
79.5556902885437 101.0
79.80107474327087 101.0
80.05846166610718 101.0
80.56115531921387 100.0
93.03658509254456 99.0
93.5768415927887 95.0
101.1690366268158 3.0
101.39123153686523 8.0
101.59503173828125 12.0
101.8205235004425 16.0
102.07509255409241 15.0
102.320317029953 18.0
102.75022649765015 17.0
102.98910069465637 22.0
103.67912173271179 27.0
103.91718053817749 29.0
104.1460497379303 36.0
104.375723361969 44.0
104.61655712127686 50.0
104.84892249107361 51.0
105.09400796890259 53.0
106.89590692520142 69.0
107.11852979660034 71.0
107.37282395362854 73.0
107.63002419471741 74.0
107.86150217056274 76.0
108.11422061920166 75.0
108.38581109046936 73.0
108.64202666282654 73.0
108.86472868919373 75.0
109.09801411628723 74.0
109.33462357521057 74.0
109.57343769073486 73.0
109.81106233596802 76.0
110.0549144744873 76.0
110.28246402740479 78.0
110.47508645057678 80.0
110.65252804756165 81.0
110.83597016334534 81.0
111.29043412208557 84.0
111.53048539161682 86.0
111.76802039146423 87.0
111.9554226398468 87.0
112.41641354560852 84.0
112.6511504650116 86.0
112.88019251823425 87.0
113.12479257583618 85.0
113.59255003929138 80.0
113.82892966270447 79.0
114.2974579334259 77.0
114.7646791934967 77.0
114.99217176437378 76.0
115.22062540054321 76.0
115.4031994342804 76.0
115.89316964149475 73.0
116.12741446495056 78.0
116.36750841140747 78.0
116.60192680358887 80.0
116.8045334815979 77.0
147.58194875717163 13.0
147.81463241577148 11.0
150.4586911201477 10.0
150.95778727531433 14.0
151.20037317276 15.0
154.42667531967163 20.0
171.80223774909973 16.0
172.28985404968262 17.0
172.54319095611572 15.0
173.02762651443481 20.0
206.9086413383484 13.0
207.13600754737854 20.0
207.36883568763733 21.0
207.57001948356628 19.0
207.80060124397278 17.0
208.03499579429626 16.0
208.22153329849243 15.0
208.43013668060303 16.0
208.6105785369873 12.0
208.81171774864197 12.0
209.0393524169922 11.0
209.2806625366211 10.0
209.5078318119049 10.0
209.7463185787201 7.0
209.9612910747528 9.0
210.19636964797974 7.0
210.41623306274414 3.0
210.67318153381348 9.0
210.92260241508484 8.0
211.1842188835144 6.0
211.40821647644043 5.0
211.66208481788635 6.0
211.8923361301422 10.0
212.12314820289612 7.0
212.35604286193848 8.0
212.59316754341125 10.0
212.8258957862854 10.0
213.07580661773682 12.0
213.34556102752686 10.0
213.55763411521912 10.0
213.7397711277008 11.0
213.9399175643921 10.0
214.1676161289215 8.0
214.40783143043518 9.0
214.64523601531982 10.0
214.88263535499573 11.0
215.11129570007324 9.0
215.34769701957703 9.0
215.54085397720337 10.0
215.8396246433258 10.0
216.09732580184937 9.0
216.30169701576233 10.0
216.5377299785614 9.0
216.7772765159607 9.0
217.00548839569092 8.0
217.20456647872925 10.0
217.38373613357544 9.0
217.61407995224 6.0
217.90500664710999 6.0
218.14714527130127 6.0
218.3644506931305 6.0
218.64865827560425 9.0
218.89971923828125 9.0
219.1372811794281 9.0
219.3777687549591 8.0
219.6428451538086 5.0
219.89802384376526 4.0
220.08073544502258 3.0
220.31697344779968 2.0
220.5715024471283 2.0
220.84074687957764 7.0
221.0425090789795 7.0
221.28097128868103 9.0
221.4745602607727 10.0
221.70480179786682 11.0
221.94301056861877 12.0
222.19067883491516 12.0
222.4483757019043 12.0
222.69131636619568 13.0
222.92814469337463 13.0
223.17054629325867 14.0
223.41593313217163 12.0
223.66403555870056 13.0
223.9266517162323 13.0
224.18511581420898 14.0
224.45469403266907 13.0
224.69893217086792 13.0
224.95585918426514 15.0
225.205402135849 8.0
225.4520800113678 8.0
225.68891167640686 8.0
225.92016410827637 8.0
226.1633973121643 8.0
226.4175100326538 8.0
226.6541256904602 9.0
226.89402866363525 10.0
227.14653992652893 10.0
227.34397983551025 10.0
227.54241108894348 8.0
227.80307984352112 10.0
228.04989886283875 9.0
228.28248000144958 7.0
228.53479671478271 9.0
228.74902248382568 7.0
228.96352195739746 8.0
229.18800354003906 10.0
229.43889451026917 10.0
229.69811463356018 11.0
229.9306766986847 10.0
230.1626329421997 9.0
230.36382246017456 6.0
230.54383969306946 3.0
230.7265486717224 2.0
230.9569342136383 2.0
231.1723210811615 1.0
231.41659379005432 1.0
231.6758017539978 2.0
231.92265605926514 1.0
232.12458109855652 13.0
232.31624269485474 11.0
232.49988389015198 3.0
232.71297097206116 7.0
232.95071387290955 29.0
233.18180799484253 27.0
233.39742732048035 13.0
233.58032727241516 3.0
233.76381850242615 1.0
233.9521837234497 1.0
234.2112967967987 3.0
