12.5314302444458 -33.0
15.326233148574829 -32.0
15.55561351776123 -32.0
15.798358917236328 -32.0
16.032598733901978 -32.0
16.273650646209717 -32.0
16.5089852809906 -32.0
16.712097644805908 -31.0
16.94041347503662 -31.0
17.18839716911316 -31.0
17.372922658920288 -31.0
17.561588764190674 -31.0
17.777475595474243 -31.0
17.954715728759766 -31.0
18.15409231185913 -31.0
18.31511092185974 -31.0
18.500227212905884 -31.0
18.713133573532104 -32.0
18.923823595046997 -32.0
19.179461240768433 -32.0
19.42268991470337 -31.0
19.683459997177124 -31.0
19.95530915260315 -31.0
20.162921667099 -31.0
20.394174814224243 -32.0
20.62960910797119 -32.0
20.860645055770874 -31.0
21.129868030548096 -26.0
21.39247989654541 -31.0
21.624659776687622 -29.0
21.86865782737732 -29.0
22.119925498962402 -30.0
22.365859508514404 -31.0
22.613551139831543 -30.0
22.842023134231567 -30.0
23.07726764678955 -29.0
23.31542205810547 -29.0
23.55173420906067 -29.0
23.811145067214966 -30.0
24.068806648254395 -32.0
24.3397159576416 -31.0
24.5894718170166 -32.0
24.824795484542847 -26.0
25.065934658050537 -34.0
25.249937772750854 -33.0
25.49036717414856 -32.0
25.734734773635864 -32.0
25.998989582061768 -33.0
26.205681324005127 -34.0
26.388344764709473 -34.0
26.633513927459717 -33.0
26.865005493164062 -34.0
27.121031284332275 -35.0
27.375975847244263 -34.0
27.735635995864868 -35.0
27.91416072845459 -35.0
28.095862865447998 -35.0
28.278615474700928 -35.0
28.51133370399475 -10.0
28.74286913871765 -14.0
28.933918952941895 -15.0
29.11352252960205 -36.0
29.34407663345337 -33.0
29.556111812591553 -33.0
29.75257444381714 -33.0
29.928677320480347 -15.0
30.1137797832489 -34.0
30.34761643409729 -35.0
30.584883451461792 -35.0
30.817442893981934 -13.0
31.045047521591187 -36.0
31.274580240249634 -34.0
31.506502151489258 -13.0
32.02779722213745 -37.0
32.498212814331055 -16.0
32.86938118934631 -22.0
33.078502893447876 -36.0
33.25987362861633 -32.0
33.4991729259491 -39.0
33.75624942779541 -37.0
34.006795167922974 -21.0
34.23368525505066 -40.0
34.46706819534302 -42.0
34.71781134605408 -38.0
34.9797043800354 -39.0
35.46933317184448 -38.0
35.723379611968994 -17.0
35.97763705253601 -16.0
36.209102630615234 -17.0
36.454755544662476 -38.0
36.698676347732544 -38.0
36.96675634384155 -38.0
37.437185525894165 -15.0
37.68829584121704 -37.0
37.94452977180481 -14.0
38.18236827850342 -16.0
38.43507671356201 -36.0
38.64425992965698 -36.0
39.11854124069214 -34.0
39.575575828552246 -35.0
42.606852293014526 -31.0
42.83663630485535 -31.0
45.6874144077301 -10.0
45.87199521064758 -21.0
46.08099150657654 -8.0
46.32299995422363 -9.0
46.79542088508606 -14.0
47.26647329330444 -21.0
48.876715421676636 -16.0
49.154311656951904 -19.0
49.39532685279846 -20.0
53.74369478225708 -18.0
53.984549045562744 -17.0
54.22197604179382 -17.0
54.46782064437866 -16.0
57.89010787010193 -20.0
58.63486075401306 -16.0
58.89059638977051 -17.0
59.387704610824585 -18.0
60.441481828689575 -19.0
60.70295071601868 -21.0
67.97372055053711 -20.0
68.34415340423584 -21.0
74.530100107193 -26.0
75.48749089241028 -37.0
75.74349427223206 -28.0
84.4804835319519 -53.0
87.9919798374176 -52.0
89.53876805305481 -40.0
89.78165578842163 -41.0
90.02819085121155 -42.0
90.75769281387329 -46.0
91.00038981437683 -45.0
98.75507020950317 -32.0
105.77988266944885 -66.0
106.07852602005005 -73.0
106.34724235534668 -67.0
106.64088153839111 -68.0
106.88580918312073 -70.0
107.15241146087646 -69.0
107.3667356967926 -71.0
107.6149730682373 -72.0
107.969970703125 -72.0
108.22744035720825 -72.0
108.7605652809143 -73.0
109.01034283638 -76.0
109.27627205848694 -76.0
109.54704403877258 -75.0
109.81760549545288 -74.0
110.05488085746765 -73.0
110.299072265625 -71.0
110.57432699203491 -73.0
110.82833552360535 -71.0
111.08019638061523 -70.0
111.34820866584778 -71.0
111.62969279289246 -72.0
111.89137434959412 -71.0
112.13254451751709 -72.0
112.38508892059326 -71.0
112.64334106445312 -72.0
112.89844870567322 -72.0
113.14616346359253 -72.0
113.39768099784851 -71.0
113.88775730133057 -70.0
114.16228914260864 -69.0
114.41512370109558 -70.0
114.68402242660522 -70.0
114.94394207000732 -69.0
115.23407554626465 -72.0
115.51600933074951 -72.0
115.77550983428955 -71.0
116.0433919429779 -61.0
116.57370495796204 -61.0
116.81664562225342 -73.0
117.08270215988159 -64.0
117.34983491897583 -67.0
117.8759503364563 -76.0
118.11634683609009 -79.0
118.38350677490234 -73.0
118.64750123023987 -75.0
119.10924673080444 -74.0
121.0709400177002 -79.0
121.59593677520752 -85.0
122.08803176879883 -81.0
124.03260159492493 -73.0
125.22556257247925 -86.0
125.41701126098633 -83.0
125.65441393852234 -85.0
125.88685441017151 -85.0
126.34561538696289 -87.0
126.58211612701416 -89.0
126.80970501899719 -108.0
129.38382387161255 -80.0
130.43250679969788 -87.0
130.83696246147156 -80.0
131.19769525527954 -84.0
131.38513445854187 -80.0
131.8043074607849 -76.0
132.03600788116455 -76.0
132.26796770095825 -69.0
132.5032079219818 -72.0
132.73564219474792 -71.0
132.9660894870758 -72.0
133.14537453651428 -71.0
133.3835105895996 -70.0
133.57813000679016 -72.0
133.76381945610046 -71.0
133.94325494766235 -72.0
134.12483525276184 -72.0
134.31831622123718 -72.0
134.54919123649597 -73.0
134.7772274017334 -75.0
134.96882247924805 -75.0
135.14796376228333 -75.0
135.3244686126709 -75.0
135.54734921455383 -75.0
135.77344250679016 -76.0
135.9545934200287 -76.0
136.13675546646118 -77.0
136.32177996635437 -78.0
136.51859760284424 -79.0
136.88534235954285 -84.0
137.0849404335022 -88.0
137.54916095733643 -86.0
137.78409624099731 -84.0
138.01358103752136 -84.0
138.24558401107788 -87.0
138.4730589389801 -86.0
138.6510877609253 -86.0
138.85934972763062 -88.0
139.04224634170532 -86.0
139.22918152809143 -87.0
139.40865445137024 -87.0
139.58422684669495 -86.0
221.5102345943451 15.0
221.75150966644287 15.0
221.9941086769104 14.0
222.22583270072937 13.0
222.6293547153473 5.0
222.8773136138916 8.0
223.12384748458862 -1.0
223.36273527145386 15.0
223.5963432788849 13.0
223.84027004241943 13.0
224.08143949508667 12.0
224.31657147407532 9.0
224.49690461158752 1.0
224.85591387748718 5.0
225.03952407836914 6.0
225.22386026382446 5.0
225.46350574493408 5.0
225.69974875450134 5.0
225.9371931552887 3.0
226.17622590065002 2.0
226.37661576271057 3.0
226.56054306030273 2.0
226.75495958328247 0.0
226.95991849899292 -1.0
227.1993887424469 -4.0
227.44156050682068 -6.0
227.68487453460693 -6.0
227.93307280540466 -7.0
228.1656641960144 -7.0
228.39676022529602 -4.0
228.62698793411255 -7.0
228.86928725242615 -9.0
229.10468816757202 -11.0
229.35644149780273 -9.0
229.62362790107727 -12.0
229.84858107566833 -12.0
230.08320260047913 -15.0
230.30183815956116 -16.0
230.58854055404663 -14.0
230.84878849983215 -17.0
231.10611271858215 -17.0
231.3623857498169 -20.0
231.60352873802185 -19.0
231.87397527694702 -13.0
232.12865090370178 -17.0
232.37854766845703 -17.0
232.64396047592163 -13.0
232.887286901474 -11.0
233.1233675479889 -10.0
233.36636924743652 -7.0
233.6142120361328 -4.0
233.82001399993896 12.0
234.12384295463562 11.0
234.3611023426056 6.0
234.64836859703064 4.0
234.9033544063568 1.0
235.1505618095398 1.0
235.42381882667542 16.0
235.65795397758484 10.0
235.9057514667511 9.0
236.1495327949524 5.0
236.38562631607056 12.0
237.672856092453 63.0
237.88916611671448 65.0
238.09163975715637 67.0
238.33695149421692 71.0
238.60180377960205 74.0
238.8733971118927 75.0
239.303081035614 76.0
239.54387068748474 76.0
241.8499357700348 126.0
242.09829759597778 127.0
242.35167121887207 126.0
242.61041402816772 126.0
242.86507153511047 126.0
243.19034576416016 126.0
243.47245717048645 127.0
243.74261593818665 126.0
243.97863006591797 126.0
244.22290468215942 126.0
246.50535488128662 121.0
246.74943327903748 121.0
246.98725295066833 121.0
247.2042031288147 120.0
247.45554423332214 120.0
247.69209027290344 120.0
247.89923572540283 120.0
248.09946465492249 120.0
248.35880064964294 119.0
248.6087429523468 119.0
248.8211772441864 120.0
249.0625512599945 122.0
249.29860711097717 121.0
249.54020142555237 122.0
249.78901076316833 124.0
250.03264355659485 125.0
