20.306631803512573 99.0
21.07057762145996 98.0
22.356576681137085 24.0
22.88779330253601 3.0
23.061641454696655 4.0
23.243250370025635 -11.0
23.421608448028564 -9.0
23.62529683113098 -9.0
23.85905170440674 -10.0
24.092592239379883 -12.0
24.33318781852722 4.0
24.56461524963379 3.0
24.75456404685974 6.0
24.92758083343506 -16.0
25.110467433929443 -17.0
25.337547779083252 -17.0
25.521687269210815 -17.0
25.70417332649231 -17.0
25.942165851593018 -17.0
26.17462182044983 -17.0
26.41299295425415 -17.0
26.647141695022583 -18.0
26.870322227478027 -18.0
27.052303791046143 -18.0
27.23314595222473 -18.0
27.4634006023407 -19.0
27.693766593933105 -19.0
27.87138605117798 -19.0
28.06816554069519 4.0
28.253531217575073 -20.0
28.435717582702637 -20.0
28.620645761489868 3.0
28.79854702949524 -20.0
28.99332046508789 -21.0
29.16871428489685 -21.0
29.38193440437317 -21.0
29.592958688735962 -21.0
29.829546213150024 -21.0
30.07009506225586 -21.0
30.30918836593628 -21.0
30.51180386543274 2.0
30.699932098388672 -22.0
30.88019323348999 -23.0
31.06476902961731 -23.0
31.246551990509033 -23.0
31.463675260543823 -23.0
31.650296926498413 -23.0
31.851045846939087 -23.0
32.036046504974365 -23.0
32.26624798774719 -22.0
32.467344760894775 -22.0
32.642606019973755 -22.0
32.8327751159668 -22.0
33.07548427581787 -24.0
33.31413674354553 -23.0
33.49956512451172 -22.0
33.69401502609253 -22.0
33.87995100021362 -22.0
34.09188437461853 -24.0
34.320104122161865 -22.0
34.52875900268555 -22.0
34.71774506568909 -22.0
34.95443606376648 -22.0
35.19035720825195 -21.0
35.429593324661255 -22.0
35.6656813621521 -22.0
35.9058952331543 -21.0
36.14314675331116 -21.0
36.35554647445679 -20.0
36.53975868225098 -20.0
36.70507764816284 -20.0
36.88092589378357 -19.0
37.04007363319397 -19.0
37.19862246513367 -19.0
37.35865831375122 -18.0
37.51608419418335 -18.0
37.713542222976685 -18.0
37.87515878677368 -11.0
38.033109188079834 -9.0
38.22504782676697 -8.0
38.454346895217896 -7.0
38.66805863380432 -2.0
38.85076117515564 1.0
39.03441095352173 4.0
39.21367621421814 7.0
39.449644327163696 12.0
39.63177537918091 13.0
39.80486178398132 14.0
39.980310916900635 18.0
40.17215347290039 22.0
40.36231279373169 22.0
40.58998489379883 20.0
40.77196431159973 22.0
40.96899724006653 28.0
41.19831418991089 26.0
41.43060660362244 27.0
41.655661821365356 27.0
41.86008262634277 27.0
42.03753638267517 33.0
42.21239638328552 27.0
42.396729946136475 27.0
42.63216853141785 27.0
42.86409282684326 27.0
43.097400188446045 33.0
43.33075976371765 27.0
43.562960624694824 27.0
43.794201135635376 27.0
44.02601718902588 27.0
44.209285497665405 31.0
61.69925808906555 100.0
69.92384099960327 99.0
70.31691455841064 99.0
70.49504280090332 100.0
70.947913646698 99.0
71.1796510219574 99.0
71.38202571868896 99.0
71.56403732299805 99.0
75.12373995780945 100.0
76.22170853614807 98.0
77.96014785766602 57.0
78.11585307121277 36.0
78.28292083740234 34.0
78.43104481697083 32.0
78.58936429023743 31.0
78.7494170665741 29.0
78.92768096923828 27.0
79.11145663261414 26.0
79.29448914527893 25.0
79.52720141410828 29.0
79.71195554733276 21.0
79.89211773872375 20.0
80.06638145446777 20.0
80.25528573989868 19.0
80.44500350952148 24.0
80.6503918170929 24.0
80.88191246986389 24.0
81.06696915626526 25.0
81.25207901000977 22.0
81.43471384048462 25.0
81.61321759223938 24.0
81.79664397239685 23.0
81.98260855674744 21.0
82.16241669654846 19.0
82.33517479896545 25.0
82.51502060890198 21.0
82.71241092681885 18.0
82.95125484466553 20.0
83.19487380981445 22.0
83.39009094238281 28.0
83.5664472579956 26.0
83.74963164329529 27.0
83.97949814796448 29.0
84.21296429634094 31.0
84.72634291648865 57.0
84.95151448249817 58.0
85.18328666687012 61.0
85.41637229919434 65.0
85.65682530403137 66.0
85.88819456100464 98.0
86.08593392372131 98.0
86.26786875724792 98.0
86.49058938026428 98.0
86.87270140647888 98.0
87.07360434532166 98.0
87.25739073753357 98.0
87.95524954795837 100.0
88.13520812988281 99.0
88.36740398406982 100.0
88.82137179374695 99.0
115.57620143890381 98.0
117.21299958229065 16.0
117.45372986793518 17.0
117.68909978866577 1.0
117.93311786651611 -2.0
118.17910385131836 -1.0
118.41380906105042 -13.0
118.6149594783783 -25.0
118.83861136436462 -4.0
119.06511378288269 -6.0
119.27450728416443 -18.0
119.46193981170654 -4.0
119.69019889831543 -4.0
119.89800190925598 -33.0
120.09466218948364 -6.0
120.32944083213806 -32.0
120.5581886768341 -32.0
120.7354736328125 -44.0
120.92042064666748 -2.0
121.13660717010498 -2.0
121.31875610351562 -2.0
121.50727534294128 -1.0
121.74246740341187 -26.0
121.97825241088867 -22.0
122.21698069572449 -20.0
122.44539642333984 -22.0
122.68169403076172 -14.0
122.91690373420715 -20.0
123.15058755874634 -15.0
123.38457417488098 -11.0
123.61728262901306 -6.0
123.84885215759277 1.0
124.08079719543457 -3.0
124.33169412612915 0.0
124.56431818008423 0.0
124.79780864715576 3.0
125.03268909454346 5.0
125.26532411575317 11.0
125.4908094406128 9.0
125.66916680335999 13.0
125.85205245018005 16.0
126.02672600746155 18.0
126.20884323120117 24.0
126.44702196121216 52.0
126.66141486167908 34.0
126.84243083000183 28.0
127.0247061252594 27.0
127.25721192359924 19.0
127.44409513473511 23.0
127.68192338943481 21.0
127.8642463684082 18.0
128.0451169013977 10.0
128.26899933815002 6.0
128.46289777755737 4.0
128.64629817008972 2.0
128.82166814804077 0.0
129.01090788841248 -1.0
129.1912076473236 -5.0
129.41507124900818 -3.0
129.64881873130798 -14.0
129.88264393806458 -10.0
130.11181831359863 -4.0
130.29513502120972 2.0
130.47296667099 0.0
130.7022728919983 -5.0
130.93906617164612 -7.0
131.12405252456665 -7.0
131.30682802200317 -2.0
131.4962944984436 -2.0
131.68683433532715 -3.0
131.91863226890564 -8.0
132.10054659843445 1.0
132.30439066886902 2.0
132.4831826686859 0.0
132.68128275871277 -1.0
132.8579342365265 -20.0
133.03763675689697 -17.0
133.27079057693481 -12.0
133.49915027618408 -10.0
133.70756649971008 -10.0
133.88322687149048 -6.0
134.06051993370056 -8.0
134.24481892585754 -5.0
134.47599959373474 -6.0
134.70481038093567 -8.0
134.93693017959595 -8.0
135.11562609672546 -5.0
135.29066467285156 -3.0
135.47523379325867 4.0
135.65130281448364 3.0
135.83511066436768 6.0
136.02002906799316 11.0
136.20046186447144 19.0
136.42528867721558 22.0
136.65294766426086 20.0
136.89467668533325 25.0
137.12913489341736 28.0
137.2999713420868 21.0
137.50950503349304 24.0
137.74511170387268 23.0
137.98184657096863 14.0
138.2017307281494 12.0
138.4185390472412 4.0
138.5916233062744 7.0
138.77207612991333 1.0
139.00574588775635 -1.0
139.24161028862 -3.0
139.47234749794006 -10.0
139.65922021865845 -16.0
139.89710235595703 -16.0
140.12909173965454 -17.0
140.35769605636597 -21.0
140.57256388664246 -34.0
140.74905610084534 -31.0
140.9278962612152 -36.0
141.1180922985077 -37.0
141.29597687721252 -37.0
141.52574706077576 -39.0
141.7596685886383 -38.0
141.99640369415283 -37.0
142.22600674629211 -34.0
142.45705890655518 -29.0
142.67047762870789 -30.0
142.87944722175598 -28.0
143.1008379459381 -24.0
143.279114484787 -20.0
143.46383905410767 -14.0
143.64303588867188 -5.0
143.82146668434143 16.0
143.9993691444397 15.0
144.20440483093262 19.0
144.38122487068176 17.0
144.6121654510498 14.0
144.851229429245 17.0
145.0540246963501 16.0
145.23537755012512 14.0
145.41487073898315 34.0
145.81981015205383 43.0
146.05459189414978 43.0
146.42122983932495 47.0
258.2410945892334 -98.0
258.41945242881775 -98.0
258.6577751636505 -98.0
258.8888533115387 -98.0
259.12666153907776 -98.0
259.31364488601685 -98.0
260.2499749660492 -40.0
261.7434878349304 -7.0
261.9267246723175 -38.0
262.3618083000183 -3.0
262.5916521549225 -1.0
262.83074831962585 -21.0
263.0063772201538 -49.0
263.18249893188477 -47.0
263.37633633613586 -19.0
263.5507183074951 -12.0
263.72915983200073 -9.0
263.9106876850128 -7.0
264.1119213104248 -5.0
264.3109540939331 -6.0
264.53832745552063 -7.0
264.76178193092346 -7.0
264.98186206817627 -7.0
265.15908312797546 -6.0
265.39875316619873 -7.0
265.5984709262848 -7.0
265.7758717536926 -7.0
265.9939842224121 -7.0
266.17596983909607 -8.0
266.35211730003357 -7.0
266.5865683555603 -8.0
266.82083225250244 -7.0
267.05730295181274 -7.0
267.26582407951355 -6.0
267.44789958000183 -7.0
267.6387424468994 -7.0
267.82552695274353 -7.0
268.0092992782593 -7.0
268.2347877025604 -7.0
268.4598557949066 -7.0
268.68833899497986 -7.0
268.8663070201874 -6.0
269.0513014793396 -7.0
269.27717089653015 -7.0
269.51185297966003 -7.0
269.74580788612366 -17.0
269.9675884246826 -6.0
270.1865484714508 -6.0
270.4221444129944 -6.0
270.6523652076721 -6.0
270.8899178504944 -7.0
271.1289827823639 -7.0
271.3600392341614 -7.0
271.597727060318 -8.0
271.83544278144836 -9.0
272.0661554336548 -9.0
272.29864740371704 -9.0
272.5312418937683 -10.0
272.7452914714813 -9.0
272.92502999305725 -10.0
273.1020076274872 -10.0
273.28429794311523 -9.0
273.4573588371277 -27.0
273.64356207847595 -30.0
273.82656478881836 -30.0
274.0628707408905 -28.0
274.29446721076965 -29.0
274.5288119316101 -29.0
274.75267720222473 -10.0
274.9778039455414 -9.0
275.1600682735443 -9.0
275.3442566394806 -9.0
275.52208828926086 -9.0
275.7396137714386 -9.0
275.9777481555939 -9.0
276.2112834453583 -9.0
276.4498975276947 -10.0
276.68756437301636 -9.0
276.9289448261261 -9.0
277.1209514141083 -9.0
277.2975289821625 -8.0
277.4763112068176 -8.0
277.6625769138336 -7.0
277.8403477668762 -27.0
278.0167746543884 -20.0
278.1950743198395 -27.0
278.3832597732544 -24.0
278.5671010017395 -7.0
278.748651266098 -7.0
278.93372082710266 -28.0
279.11856746673584 -27.0
279.3008933067322 -2.0
279.5184395313263 -7.0
279.70195293426514 -8.0
279.88402342796326 -8.0
280.0674102306366 -5.0
280.2597920894623 -35.0
280.44204449653625 -30.0
280.6242492198944 -18.0
280.85344195365906 -23.0
281.44847321510315 -12.0
281.63222217559814 -12.0
281.86448097229004 -12.0
282.2786021232605 -12.0
282.46022772789 -12.0
282.6527090072632 -32.0
282.86416816711426 -31.0
283.04611372947693 -6.0
283.23185110092163 -6.0
283.4109547138214 -6.0
283.6421961784363 -8.0
283.86737537384033 -8.0
284.09865951538086 -10.0
284.3286623954773 -9.0
284.56223464012146 -8.0
284.79473662376404 -33.0
285.025678396225 -9.0
285.2603647708893 -34.0
285.4909677505493 -34.0
285.7214632034302 -9.0
285.9208905696869 -33.0
286.10090470314026 -9.0
286.30053758621216 -8.0
286.4842457771301 -8.0
286.6693985462189 -7.0
286.90347361564636 -7.0
287.1222496032715 -5.0
287.35262537002563 -5.0
287.577597618103 -10.0
287.8164975643158 -10.0
288.05021142959595 -10.0
288.2740852832794 -11.0
288.4511229991913 -6.0
288.631551027298 -7.0
288.80833625793457 -30.0
288.984272480011 -9.0
289.1657745838165 -37.0
289.3371334075928 -12.0
289.51430106163025 -12.0
289.7441153526306 -16.0
289.9205787181854 -16.0
290.10746788978577 -14.0
290.2878997325897 -15.0
290.4678280353546 -2.0
290.69823455810547 -4.0
290.9329786300659 -2.0
291.15753626823425 -2.0
291.383615732193 -4.0
291.6065094470978 -6.0
291.84209537506104 -5.0
292.04644775390625 -4.0
292.2452292442322 -2.0
292.42699456214905 -3.0
292.61708998680115 0.0
292.80967831611633 -49.0
292.98541927337646 -8.0
293.2215950489044 -8.0
293.4606966972351 -10.0
293.68874073028564 -7.0
293.91980743408203 -10.0
294.1777765750885 -13.0
294.41561341285706 -12.0
294.6510708332062 -11.0
294.83540415763855 -10.0
295.01001048088074 -9.0
295.19326162338257 -13.0
295.38014578819275 -11.0
295.55603408813477 -8.0
295.7294328212738 -12.0
295.95910143852234 -47.0
296.1838800907135 -13.0
296.35967898368835 -12.0
296.5767822265625 -12.0
296.776358127594 -11.0
296.95561623573303 -9.0
297.194219827652 -9.0
297.4249749183655 -7.0
297.6240072250366 -10.0
297.80625653266907 -9.0
298.0024688243866 -5.0
298.1855001449585 -3.0
298.3627634048462 -4.0
298.5478286743164 -3.0
298.77888441085815 -3.0
299.0063180923462 -4.0
299.18542981147766 -8.0
299.36699056625366 -5.0
299.54875111579895 -6.0
299.72925543785095 -7.0
299.9068455696106 -5.0
300.0880284309387 -7.0
300.2794761657715 -10.0
300.45141196250916 -13.0
300.6761271953583 -9.0
300.900527715683 -12.0
301.13334488868713 -12.0
301.36049938201904 -13.0
301.5462076663971 -12.0
301.73955965042114 -11.0
301.91884565353394 -12.0
302.1142530441284 -11.0
302.304283618927 -9.0
302.4840500354767 -9.0
302.71581530570984 -13.0
302.9582509994507 -11.0
303.19665694236755 -10.0
303.4238178730011 -7.0
303.6077706813812 -8.0
303.79318714141846 -5.0
303.9759373664856 -4.0
304.1605041027069 -4.0
304.34539771080017 -3.0
304.5682678222656 -5.0
304.75228452682495 -8.0
304.95071601867676 -6.0
305.1331698894501 -12.0
305.3159849643707 -31.0
305.49356484413147 -9.0
305.6713032722473 -5.0
305.8548917770386 -12.0
306.03660321235657 -10.0
306.21098923683167 -12.0
306.39318799972534 -9.0
306.6077723503113 -8.0
306.84436869621277 -11.0
307.03701877593994 -14.0
307.2468764781952 -6.0
307.4840307235718 -49.0
307.70192289352417 -7.0
307.8962752819061 -47.0
308.13177943229675 -47.0
308.37322545051575 -8.0
308.61467242240906 -14.0
308.8344452381134 -7.0
309.02009201049805 -14.0
309.20219588279724 -8.0
309.43850660324097 -12.0
309.6710228919983 -11.0
309.9103579521179 -6.0
310.1535201072693 -10.0
310.35935401916504 -14.0
310.6378319263458 -3.0
310.8888828754425 -1.0
311.1139323711395 -6.0
311.3181879520416 -8.0
311.51061153411865 -5.0
311.7667348384857 -9.0
312.02593421936035 -7.0
312.25529503822327 -6.0
312.4834825992584 -6.0
312.7263238430023 -6.0
312.9615681171417 -7.0
313.1471049785614 -9.0
313.3277359008789 -4.0
313.50974798202515 -6.0
313.74081921577454 -9.0
313.9676058292389 -6.0
314.2045753002167 -5.0
314.43899941444397 -4.0
314.6375985145569 -5.0
314.81977796554565 -3.0
315.0073618888855 -3.0
315.19417810440063 -3.0
315.3802182674408 -2.0
315.5602648258209 -2.0
315.75904965400696 -2.0
315.9408826828003 -2.0
316.11179971694946 -2.0
316.29043078422546 -3.0
316.4660761356354 -2.0
316.6554756164551 -3.0
316.8376929759979 -4.0
317.0675845146179 -5.0
317.30749320983887 -9.0
317.52721071243286 -9.0
317.75464248657227 -8.0
317.98173809051514 -8.0
318.2096881866455 -10.0
318.39824318885803 -9.0
318.6276707649231 -10.0
318.85755825042725 -10.0
319.03713870048523 -9.0
319.2121260166168 -10.0
319.3952660560608 -8.0
319.57419323921204 -8.0
319.75215244293213 -6.0
319.92646193504333 -7.0
320.12320947647095 -6.0
320.3050494194031 -5.0
320.4904501438141 -4.0
320.67642283439636 -4.0
320.85570907592773 -7.0
321.0401213169098 -7.0
321.22289514541626 -5.0
321.40502190589905 -4.0
321.58912110328674 -5.0
321.7683961391449 -4.0
322.00095868110657 -5.0
322.17741346359253 -7.0
322.3663537502289 -6.0
322.5825002193451 -6.0
322.7645959854126 -6.0
322.94822931289673 -12.0
323.1307919025421 -8.0
323.3122367858887 -9.0
323.4961197376251 -10.0
323.6752803325653 -8.0
323.91110134124756 -7.0
324.10853934288025 -10.0
324.3163571357727 -11.0
324.53344798088074 -10.0
324.7080144882202 -11.0
324.8978338241577 -9.0
325.1376760005951 -8.0
325.3749771118164 -8.0
325.5801863670349 -3.0
325.7662880420685 -4.0
325.9485037326813 -4.0
326.1245946884155 -2.0
326.2995207309723 -1.0
326.4824914932251 -4.0
326.66179847717285 -3.0
326.88801431655884 -4.0
327.11954498291016 -5.0
327.31041288375854 -4.0
327.49272751808167 -3.0
327.6764004230499 -6.0
327.8592712879181 -6.0
328.04062128067017 -6.0
328.2684907913208 -5.0
328.44647240638733 -32.0
328.62814950942993 -6.0
328.80148935317993 -16.0
328.9838843345642 -56.0
329.1686954498291 -15.0
329.3931186199188 -55.0
329.5764467716217 -19.0
329.76140117645264 -22.0
330.0646848678589 -55.0
330.30053544044495 -57.0
330.5274519920349 -58.0
330.70536637306213 -58.0
330.8989999294281 -58.0
331.080340385437 -59.0
331.25608491897583 -60.0
331.4352216720581 -60.0
331.6132619380951 -2.0
331.7950758934021 -5.0
331.9700014591217 -7.0
332.1474187374115 -7.0
332.321870803833 -12.0
332.5021710395813 -14.0
332.8649218082428 -14.0
333.07971143722534 -19.0
333.2713942527771 -57.0
333.4662961959839 -13.0
333.6484389305115 -25.0
333.82465863227844 -20.0
333.9995594024658 -15.0
334.2394242286682 -17.0
334.4810268878937 -7.0
334.7049868106842 -53.0
334.9361927509308 -14.0
335.1120193004608 -20.0
335.29609394073486 -17.0
335.4742429256439 -19.0
335.6649708747864 -8.0
335.86005783081055 -30.0
336.0679564476013 -7.0
336.2912368774414 -31.0
336.5247004032135 -2.0
336.75154733657837 -5.0
336.98945140838623 -5.0
337.2127594947815 -4.0
337.4106569290161 -3.0
337.59220719337463 -6.0
337.79128217697144 -6.0
337.97853779792786 -8.0
338.19662070274353 -5.0
338.37599992752075 -3.0
338.57329082489014 -7.0
338.79652309417725 -8.0
339.0241024494171 -4.0
339.2051479816437 -5.0
339.3895478248596 -3.0
339.57263231277466 -3.0
339.7624547481537 -1.0
339.9693763256073 -2.0
340.1895201206207 -2.0
340.4253444671631 -3.0
340.66884446144104 -3.0
340.8749768733978 -2.0
341.0565104484558 -1.0
341.26023983955383 -1.0
341.445476770401 -1.0
341.6451144218445 -1.0
341.8827624320984 0.0
342.0825798511505 0.0
342.3193402290344 0.0
342.55035376548767 1.0
342.7879467010498 0.0
343.0174090862274 0.0
343.24464416503906 0.0
343.4825441837311 0.0
343.7217059135437 0.0
343.9529674053192 0.0
344.1879687309265 0.0
344.3741571903229 -16.0
344.55524349212646 -8.0
344.7928628921509 -2.0
344.99373626708984 -3.0
345.1686851978302 0.0
345.3553535938263 1.0
345.5750596523285 1.0
345.8167333602905 0.0
346.0459680557251 1.0
346.2682020664215 1.0
346.45071935653687 1.0
346.62669944763184 1.0
346.80672430992126 1.0
346.98132491111755 1.0
347.1625032424927 1.0
347.40119194984436 -11.0
347.5878224372864 1.0
347.822238445282 1.0
348.0563383102417 -15.0
348.2794232368469 1.0
348.4640474319458 -17.0
348.692599773407 -19.0
348.8748426437378 -18.0
349.0553877353668 -20.0
349.2348532676697 -20.0
349.45520210266113 -22.0
349.6318368911743 -23.0
349.867036819458 -2.0
350.1003601551056 -2.0
350.28353452682495 -26.0
350.4716603755951 -4.0
350.7094440460205 -7.0
350.94583535194397 -4.0
351.1764533519745 -12.0
351.4104518890381 -14.0
351.58320116996765 -41.0
351.76513624191284 -3.0
351.9493474960327 -3.0
352.1278953552246 -14.0
352.31047677993774 -8.0
352.4935564994812 -7.0
352.68075919151306 0.0
