1.9836502075195312 45.0
2.1533775329589844 47.0
2.318755626678467 49.0
2.5610642433166504 49.0
2.817016363143921 51.0
3.053405523300171 50.0
3.3003501892089844 51.0
3.5485706329345703 50.0
3.8071539402008057 50.0
4.051388263702393 51.0
4.289789199829102 53.0
4.75811505317688 59.0
5.0725414752960205 63.0
5.389577627182007 69.0
5.767773389816284 73.0
6.13799786567688 81.0
6.5192320346832275 82.0
6.8789074420928955 82.0
7.26638650894165 77.0
7.628884553909302 73.0
8.088777780532837 70.0
8.463020086288452 71.0
8.857121467590332 68.0
9.202858448028564 68.0
9.53468942642212 64.0
9.916792392730713 63.0
10.289559364318848 60.0
10.655871391296387 59.0
11.066423654556274 59.0
11.349175453186035 58.0
11.794355154037476 58.0
12.139050722122192 60.0
12.616599082946777 60.0
12.966946601867676 58.0
13.312658786773682 57.0
13.660729169845581 57.0
14.016802549362183 57.0
14.369218349456787 56.0
14.768497943878174 54.0
15.11784315109253 56.0
15.482876777648926 41.0
15.860668420791626 43.0
16.27588200569153 45.0
16.618242740631104 39.0
17.012092113494873 51.0
17.72010040283203 40.0
18.09847140312195 43.0
19.429945707321167 40.0
22.01362371444702 36.0
23.12052869796753 48.0
23.349799394607544 45.0
23.579512119293213 56.0
23.799680709838867 57.0
24.031618356704712 58.0
24.265238285064697 57.0
24.488685607910156 56.0
24.721461534500122 54.0
24.948567390441895 45.0
25.1888906955719 51.0
25.382412910461426 55.0
25.61181664466858 56.0
25.845701932907104 55.0
26.0724995136261 53.0
26.30457329750061 49.0
26.53547954559326 48.0
26.90019989013672 56.0
27.266326904296875 46.0
27.58115029335022 51.0
28.010294675827026 45.0
28.327692985534668 34.0
28.78657364845276 26.0
29.09785795211792 15.0
29.51808524131775 5.0
31.16571044921875 -4.0
32.39014649391174 -9.0
33.63212776184082 -13.0
34.79266619682312 -10.0
35.985562562942505 -9.0
37.226826906204224 -10.0
38.42225003242493 -10.0
39.69397020339966 -11.0
41.00813174247742 -13.0
42.2798273563385 -11.0
43.548112869262695 -13.0
44.769991397857666 -11.0
46.012200355529785 -12.0
47.20007371902466 -12.0
48.38826084136963 -12.0
49.920774936676025 -12.0
52.36600923538208 -10.0
54.53971028327942 -10.0
55.7603976726532 -4.0
57.21268582344055 -15.0
