1.664128303527832 0.0
1.8851287364959717 0.0
2.0682427883148193 2.0
2.462879180908203 3.0
2.655927896499634 2.0
2.892958641052246 3.0
3.1417720317840576 3.0
3.3814918994903564 2.0
4.0935869216918945 14.0
4.335355997085571 26.0
4.569470643997192 33.0
4.8123674392700195 44.0
5.066564083099365 56.0
5.308262825012207 61.0
5.613847732543945 72.0
5.978333234786987 80.0
6.2222325801849365 63.0
6.459202527999878 32.0
6.807348251342773 14.0
7.097716569900513 -9.0
7.3772242069244385 -16.0
7.732468128204346 -7.0
8.079381942749023 -1.0
8.428098201751709 10.0
8.760597467422485 20.0
9.30206298828125 42.0
9.608583211898804 54.0
9.901610374450684 63.0
10.21730637550354 71.0
10.553210973739624 66.0
10.87955617904663 85.0
11.160569667816162 88.0
11.457276582717896 70.0
11.80151081085205 61.0
12.108871459960938 66.0
12.409499645233154 58.0
12.702918529510498 49.0
13.052679777145386 57.0
13.345126867294312 52.0
13.663668155670166 34.0
13.94500470161438 23.0
14.303813934326172 10.0
14.616641521453857 7.0
15.21682095527649 22.0
15.560370922088623 33.0
15.854389905929565 42.0
16.157435178756714 51.0
16.45627188682556 60.0
16.752772331237793 62.0
17.10252809524536 62.0
17.405120611190796 85.0
18.661421537399292 63.0
18.955681800842285 79.0
19.262613773345947 74.0
19.60976529121399 68.0
19.90502119064331 60.0
20.505850315093994 57.0
20.849430561065674 60.0
21.16141104698181 66.0
34.06981611251831 58.0
34.30755615234375 31.0
34.54890012741089 -56.0
34.906919956207275 -55.0
35.2082040309906 -54.0
35.50694298744202 -55.0
35.82529330253601 -55.0
36.188528060913086 -57.0
36.54268026351929 -60.0
36.87803554534912 -64.0
37.11686873435974 -66.0
37.395893812179565 -68.0
37.70366811752319 -70.0
38.00111961364746 -67.0
38.295177698135376 -65.0
38.65060067176819 -62.0
38.94205641746521 -56.0
39.30253267288208 -62.0
39.693800926208496 -28.0
39.94059729576111 16.0
40.20545506477356 61.0
40.479225635528564 70.0
40.78370261192322 70.0
41.14146041870117 66.0
41.4572491645813 69.0
41.76165437698364 67.0
42.031583070755005 62.0
42.35770320892334 41.0
42.73855686187744 44.0
42.995601177215576 49.0
43.29503655433655 59.0
43.60563111305237 63.0
43.954761266708374 63.0
44.25342130661011 63.0
44.55593752861023 55.0
44.85440969467163 49.0
45.49630856513977 -43.0
45.79456186294556 -65.0
46.083322286605835 -65.0
46.452367067337036 -65.0
46.73531794548035 -66.0
47.048662424087524 -67.0
47.31285262107849 -43.0
47.66321563720703 -14.0
47.95193004608154 14.0
48.24963974952698 37.0
48.55575895309448 34.0
48.90378212928772 35.0
49.24214148521423 33.0
49.54446363449097 32.0
49.844258069992065 32.0
50.201852798461914 26.0
50.48631501197815 26.0
50.77450180053711 25.0
51.09349989891052 25.0
51.44504165649414 25.0
51.74825835227966 27.0
52.0415198802948 28.0
52.34553670883179 27.0
52.6981258392334 28.0
52.994158029556274 33.0
53.29185628890991 34.0
53.59955310821533 31.0
