11.934943437576294 -17.0
12.31128978729248 -14.0
12.494215965270996 -14.0
12.733465194702148 -15.0
12.957147121429443 -15.0
13.191210985183716 -17.0
13.422342777252197 -16.0
13.599283218383789 -19.0
13.77465009689331 -19.0
13.955777883529663 -22.0
14.139887571334839 -22.0
14.325856685638428 -23.0
14.507614135742188 -24.0
14.686912775039673 -26.0
14.855936765670776 -27.0
15.013072490692139 -29.0
15.196833372116089 -28.0
15.37360405921936 -28.0
15.553877592086792 -28.0
15.73717713356018 -29.0
15.917503833770752 -31.0
16.088376998901367 -31.0
16.273837089538574 -33.0
16.472043991088867 -33.0
16.65013027191162 -33.0
16.825071811676025 -33.0
17.01960778236389 -34.0
17.229652404785156 -34.0
17.4708468914032 -34.0
17.71134042739868 -34.0
17.888309240341187 -34.0
18.069273710250854 -35.0
18.305981874465942 -36.0
18.53958749771118 -35.0
18.776538610458374 -35.0
19.014028072357178 -36.0
19.252890825271606 -36.0
19.486583471298218 -36.0
19.726938486099243 -36.0
19.953109979629517 -36.0
20.18045663833618 -37.0
20.420809268951416 -37.0
20.61221480369568 -37.0
20.844408988952637 -36.0
21.04068899154663 -37.0
21.22942280769348 -36.0
21.459653854370117 -35.0
21.683391094207764 -35.0
21.87118363380432 -35.0
22.050674438476562 -35.0
22.231245756149292 -35.0
22.41039204597473 -36.0
22.638557195663452 -36.0
22.877392768859863 -36.0
23.116978883743286 -36.0
23.31171417236328 -37.0
23.496311902999878 -37.0
23.730113983154297 -37.0
23.924734830856323 -37.0
24.103950262069702 -37.0
24.281867504119873 -38.0
24.502296924591064 -36.0
24.720325231552124 -36.0
24.91973352432251 -36.0
25.127742290496826 -34.0
25.36767292022705 -35.0
25.59927797317505 -34.0
25.789931774139404 -34.0
26.217467069625854 -35.0
26.619950532913208 -35.0
26.852715730667114 -36.0
27.08998441696167 -34.0
27.323585748672485 -35.0
27.551949977874756 -35.0
27.73751950263977 -35.0
27.91824984550476 -34.0
28.14786195755005 -34.0
28.330674648284912 -36.0
28.513721227645874 -35.0
28.683446407318115 -34.0
28.85998296737671 -36.0
29.01806926727295 -35.0
29.205097198486328 -36.0
29.38001537322998 -35.0
29.58200764656067 -33.0
29.7698392868042 -35.0
29.995311498641968 -34.0
30.181840181350708 -34.0
30.362767696380615 -32.0
30.542978286743164 -34.0
30.726884841918945 -36.0
30.91058111190796 -33.0
31.094566345214844 -37.0
31.277608394622803 -37.0
31.45869255065918 -35.0
31.68480396270752 -34.0
32.05101943016052 -35.0
32.429306507110596 -36.0
32.66589021682739 -37.0
32.89154005050659 -36.0
33.123395919799805 -36.0
33.32399344444275 -36.0
33.55430221557617 -36.0
34.00110459327698 -19.0
34.18083071708679 -21.0
34.36466121673584 -19.0
34.56147909164429 -19.0
34.9177885055542 -20.0
35.263455390930176 -36.0
35.43889307975769 -17.0
35.784374475479126 -38.0
36.30240750312805 -29.0
36.474403619766235 -36.0
36.6630163192749 -38.0
36.89550423622131 -37.0
37.07585835456848 -36.0
37.3085880279541 -37.0
37.71796011924744 -37.0
37.89273262023926 -36.0
38.079243421554565 -37.0
38.30765342712402 -23.0
38.66879057884216 -30.0
40.56756401062012 -63.0
40.79200863838196 -51.0
40.99535155296326 -59.0
41.35716915130615 -64.0
42.72218465805054 -40.0
42.95313811302185 -41.0
43.1297025680542 -41.0
46.55402421951294 -81.0
49.10745692253113 -81.0
49.350040674209595 -80.0
50.482547760009766 -75.0
50.71400284767151 -75.0
50.91378045082092 -67.0
51.09751319885254 -68.0
51.282472133636475 -64.0
51.46432137489319 -75.0
51.697843074798584 -72.0
51.93025279045105 -68.0
52.11047005653381 -78.0
52.298110485076904 -79.0
52.592795610427856 -80.0
52.82614231109619 -80.0
53.06666827201843 -85.0
53.305981397628784 -80.0
53.543536901474 -83.0
53.734538316726685 -81.0
53.923717975616455 -83.0
54.10765314102173 -81.0
54.2879683971405 -82.0
54.46734833717346 -81.0
54.647897243499756 -81.0
55.27179765701294 -81.0
55.91070556640625 -80.0
57.56757616996765 -62.0
58.502514362335205 -41.0
58.73229742050171 -39.0
58.96792674064636 -39.0
59.405717611312866 -36.0
59.62895131111145 -34.0
59.85970211029053 -48.0
60.23030614852905 -44.0
60.53909873962402 -25.0
60.718936920166016 -23.0
61.28199791908264 -21.0
61.453370571136475 -19.0
61.64009499549866 -14.0
62.714059352874756 7.0
62.95086073875427 10.0
63.18243169784546 14.0
63.38617563247681 19.0
63.60913038253784 25.0
63.85750913619995 22.0
64.08733916282654 24.0
64.32991337776184 28.0
64.50955319404602 31.0
64.69095373153687 33.0
64.91459965705872 35.0
65.118572473526 39.0
65.36048555374146 65.0
65.55445551872253 71.0
65.9684522151947 77.0
66.14478325843811 88.0
66.3272020816803 98.0
66.56121277809143 86.0
66.78947567939758 112.0
67.01254725456238 115.0
67.25620198249817 117.0
67.47306990623474 119.0
67.65482687950134 123.0
67.88588213920593 127.0
69.54956030845642 108.0
69.7749445438385 109.0
71.32341885566711 109.0
89.8021948337555 66.0
90.16608166694641 66.0
91.09465551376343 53.0
91.27579593658447 51.0
91.49944233894348 52.0
91.68874645233154 50.0
94.18862414360046 37.0
94.36829876899719 37.0
94.54580092430115 36.0
94.72910952568054 35.0
94.91252493858337 34.0
95.09302926063538 34.0
95.26918363571167 34.0
95.44647312164307 35.0
95.62713527679443 35.0
95.80902910232544 34.0
96.83656764030457 34.0
97.01684975624084 35.0
97.20247769355774 35.0
97.36267352104187 35.0
97.51441621780396 35.0
97.67258977890015 35.0
97.82472729682922 35.0
98.00793719291687 35.0
98.18207216262817 35.0
99.86520528793335 35.0
100.10421395301819 34.0
101.20026326179504 33.0
101.38898944854736 32.0
101.62908148765564 32.0
101.81279349327087 32.0
102.00931596755981 33.0
102.40967106819153 34.0
102.63159275054932 34.0
102.85983777046204 34.0
103.05084300041199 35.0
103.23280453681946 35.0
103.47355198860168 35.0
103.7050518989563 38.0
106.44329118728638 68.0
106.67285990715027 78.0
107.25079035758972 81.0
107.45534896850586 80.0
107.62832808494568 81.0
107.822438955307 75.0
108.00593304634094 81.0
108.41715335845947 49.0
108.64973711967468 69.0
108.88593077659607 83.0
109.11937284469604 67.0
109.30009627342224 67.0
109.48783802986145 66.0
109.74217891693115 65.0
109.97134256362915 77.0
110.15588903427124 55.0
110.33251094818115 50.0
110.51120114326477 61.0
110.68655920028687 49.0
110.87003517150879 50.0
111.04959344863892 46.0
111.2296142578125 49.0
111.41507744789124 47.0
111.5920729637146 46.0
111.77278995513916 46.0
111.94950723648071 47.0
112.18120431900024 46.0
112.57099795341492 48.0
112.75086617469788 48.0
112.93160891532898 48.0
113.11429953575134 48.0
113.34801769256592 49.0
113.5831527709961 49.0
113.76794910430908 48.0
113.950767993927 49.0
114.12890648841858 50.0
114.30274891853333 50.0
114.4839129447937 50.0
114.65959095954895 48.0
114.8371753692627 49.0
115.0191388130188 50.0
115.23113656044006 49.0
115.66185855865479 48.0
115.84221935272217 50.0
116.07825326919556 49.0
116.31808638572693 51.0
116.5059163570404 49.0
116.68980765342712 48.0
116.86481237411499 70.0
117.03313612937927 50.0
117.19758534431458 51.0
117.39219093322754 52.0
117.58074760437012 68.0
117.7735869884491 51.0
117.95397591590881 52.0
118.18708443641663 71.0
118.419926404953 51.0
118.62243628501892 50.0
118.80637431144714 51.0
118.9866030216217 51.0
119.16749930381775 50.0
119.40363049507141 50.0
119.63458800315857 73.0
119.8560745716095 51.0
120.03674030303955 50.0
120.21731519699097 51.0
120.38867926597595 50.0
120.61215925216675 49.0
120.79693484306335 51.0
120.99454116821289 50.0
121.23380875587463 50.0
121.4683268070221 51.0
121.71098709106445 49.0
121.95521903038025 51.0
122.1935806274414 53.0
122.41803455352783 52.0
122.64372324943542 51.0
122.84182119369507 52.0
123.02345895767212 50.0
123.2540111541748 51.0
123.43418741226196 73.0
123.61710953712463 52.0
123.79642105102539 101.0
123.98142790794373 101.0
125.06268262863159 102.0
125.2507631778717 77.0
125.63110613822937 79.0
126.41034054756165 70.0
126.59238171577454 79.0
127.3041033744812 82.0
127.48412728309631 84.0
127.65985608100891 84.0
128.93979001045227 87.0
129.14084029197693 86.0
129.32430171966553 87.0
129.5049798488617 109.0
129.7348165512085 87.0
129.96925115585327 89.0
130.15148544311523 90.0
130.34322357177734 88.0
130.58996081352234 111.0
130.82291316986084 93.0
131.0470883846283 93.0
131.27652788162231 96.0
131.50443530082703 97.0
131.7336163520813 98.0
131.9687922000885 98.0
132.20321249961853 115.0
132.63276958465576 116.0
132.86808943748474 116.0
133.1074402332306 117.0
133.28607988357544 117.0
133.47875475883484 118.0
133.70656633377075 118.0
133.93111872673035 118.0
134.1558768749237 119.0
134.38714408874512 71.0
134.5674183368683 121.0
134.76399898529053 121.0
134.9410560131073 122.0
135.17418885231018 123.0
135.40375018119812 124.0
135.61844968795776 125.0
135.7948203086853 126.0
135.97180080413818 126.0
136.20783233642578 127.0
136.39284682273865 128.0
136.61294722557068 129.0
136.8060336112976 131.0
136.9933795928955 131.0
137.17992734909058 131.0
137.36507368087769 131.0
137.51867699623108 130.0
137.67565083503723 130.0
137.85401248931885 130.0
138.02042531967163 130.0
138.1980104446411 130.0
138.37888526916504 130.0
138.55831861495972 130.0
138.79072785377502 129.0
138.9778892993927 130.0
139.15641498565674 130.0
139.33893489837646 130.0
139.54135131835938 130.0
139.76809668540955 130.0
139.99936246871948 130.0
140.23542475700378 130.0
140.47155213356018 130.0
140.67300033569336 130.0
140.90855741500854 130.0
141.1514892578125 130.0
141.38677430152893 130.0
141.62161564826965 131.0
141.85095524787903 131.0
142.08160591125488 130.0
142.29980945587158 131.0
142.4835343360901 131.0
142.77999067306519 131.0
143.01262593269348 131.0
143.24795126914978 131.0
143.48381900787354 132.0
143.70434498786926 133.0
143.88735842704773 133.0
144.11101174354553 133.0
144.28516554832458 132.0
144.46235537528992 133.0
144.6397306919098 133.0
144.8215775489807 133.0
145.0061159133911 133.0
145.5499119758606 133.0
145.77633666992188 134.0
146.00408387184143 134.0
146.38400888442993 134.0
146.56548643112183 135.0
147.02684545516968 126.0
147.49998378753662 134.0
147.73128390312195 134.0
147.94338750839233 134.0
148.11576628684998 134.0
148.30119109153748 133.0
148.49317908287048 134.0
148.70714926719666 134.0
148.90150117874146 134.0
149.0895869731903 134.0
149.26868176460266 133.0
149.44377422332764 133.0
149.6420111656189 133.0
149.8218765258789 133.0
149.99627447128296 133.0
150.2134883403778 132.0
150.39345002174377 126.0
150.57553887367249 133.0
150.75162887573242 132.0
150.93332386016846 132.0
151.14884209632874 132.0
151.3568570613861 131.0
151.53889751434326 126.0
151.72121858596802 126.0
151.89967942237854 126.0
152.07790350914001 124.0
152.3118600845337 131.0
152.52753353118896 130.0
152.76540756225586 130.0
153.00082421302795 122.0
153.23462510108948 129.0
153.46996593475342 129.0
153.69932532310486 129.0
153.8966326713562 129.0
154.08182001113892 128.0
154.30716395378113 128.0
154.52279257774353 128.0
154.70163202285767 128.0
154.8751413822174 127.0
155.08640098571777 127.0
155.53591799736023 114.0
155.76915287971497 126.0
155.93997597694397 126.0
156.1374852657318 125.0
156.48963236808777 125.0
156.67206168174744 124.0
156.84810662269592 111.0
157.0320587158203 111.0
157.19943237304688 124.0
157.38765621185303 110.0
157.5627098083496 122.0
157.74590063095093 121.0
157.93049573898315 108.0
158.15362691879272 119.0
158.33795189857483 118.0
158.5136501789093 117.0
158.69678235054016 115.0
158.92901134490967 105.0
159.1743984222412 115.0
159.36507606506348 105.0
159.54123830795288 105.0
159.7768852710724 111.0
160.01422333717346 110.0
160.40731739997864 103.0
160.64512968063354 107.0
160.87334942817688 106.0
161.1111228466034 106.0
161.2919101715088 101.0
161.48418593406677 100.0
161.6653711795807 102.0
161.83802032470703 101.0
168.41532254219055 70.0
168.7985429763794 52.0
169.2514944076538 51.0
169.71025109291077 47.0
169.9412398338318 48.0
170.17063856124878 48.0
170.41120386123657 48.0
170.87253332138062 46.0
171.31842708587646 45.0
182.15300393104553 92.0
182.33156991004944 92.0
182.5167088508606 92.0
184.35203099250793 87.0
184.9961621761322 85.0
185.22001123428345 87.0
185.44893622398376 100.0
185.67636942863464 99.0
185.90974688529968 96.0
186.2770574092865 99.0
186.45302152633667 98.0
186.80052304267883 98.0
186.9790120124817 99.0
187.1612148284912 99.0
187.35130906105042 99.0
188.04269075393677 99.0
188.22547388076782 99.0
190.28426122665405 95.0
190.51818919181824 96.0
190.75470519065857 95.0
190.9306981563568 91.0
191.11575984954834 90.0
191.27373147010803 90.0
191.432950258255 90.0
191.61948943138123 91.0
191.8036093711853 91.0
191.97824668884277 89.0
192.15695428848267 90.0
192.39470958709717 89.0
192.63826179504395 91.0
192.87044739723206 91.0
193.27934169769287 90.0
193.57832598686218 90.0
193.81253051757812 91.0
194.04499292373657 93.0
194.27225065231323 91.0
194.73068690299988 93.0
196.79933142662048 99.0
196.98759818077087 99.0
197.72798013687134 99.0
197.9034140110016 98.0
198.26978468894958 99.0
198.45136165618896 98.0
198.68205738067627 98.0
199.51490306854248 91.0
199.69669198989868 91.0
199.88322639465332 92.0
200.0865240097046 92.0
204.48142957687378 49.0
204.84981417655945 47.0
218.10037469863892 -5.0
218.33198809623718 -3.0
218.5713973045349 -3.0
218.76926589012146 0.0
218.95901799201965 -4.0
219.13596653938293 2.0
219.31997632980347 3.0
219.51449918746948 -4.0
219.74879693984985 3.0
219.93372201919556 3.0
220.11432218551636 -2.0
220.2935299873352 3.0
220.52530360221863 2.0
220.76023936271667 1.0
220.9911983013153 4.0
221.22570371627808 -1.0
221.45171236991882 0.0
221.69356107711792 -1.0
221.89011478424072 -3.0
222.0684106349945 -2.0
222.29829096794128 -3.0
222.52983021736145 -3.0
222.71638822555542 -3.0
222.87968635559082 -3.0
223.03959393501282 -2.0
223.21941876411438 1.0
223.40767288208008 0.0
223.5882649421692 0.0
223.74437427520752 0.0
223.89901733398438 0.0
224.08276653289795 1.0
224.26517915725708 1.0
224.44728779792786 2.0
224.6256468296051 1.0
224.86107206344604 2.0
225.09096360206604 3.0
225.32307076454163 3.0
225.55695629119873 4.0
225.74387192726135 2.0
225.92512345314026 4.0
226.10499906539917 4.0
226.284166097641 4.0
226.46719574928284 3.0
226.68778944015503 4.0
226.92180824279785 4.0
227.12202072143555 4.0
227.31154704093933 4.0
227.54415082931519 4.0
227.78200149536133 3.0
227.97551441192627 3.0
228.15555214881897 1.0
228.38464522361755 5.0
228.59445095062256 5.0
228.77239847183228 3.0
229.0056493282318 -3.0
229.25079894065857 -1.0
229.44636702537537 2.0
229.6277961730957 3.0
