15.411606788635254 38.0
17.973504304885864 18.0
18.232543230056763 17.0
18.499202489852905 36.0
18.75648546218872 18.0
19.026222944259644 38.0
19.29272770881653 37.0
19.536726474761963 37.0
19.794058799743652 37.0
20.051339626312256 1.0
20.32282590866089 1.0
20.579200983047485 37.0
20.8217990398407 37.0
21.06909704208374 36.0
21.32755398750305 36.0
21.56913948059082 36.0
21.823025465011597 36.0
22.059909343719482 36.0
22.308024168014526 36.0
22.558511972427368 36.0
22.808537244796753 33.0
23.050838232040405 34.0
23.284238576889038 34.0
23.480443239212036 33.0
23.662527799606323 33.0
23.853495836257935 33.0
24.061649322509766 32.0
24.395512342453003 33.0
24.68134593963623 32.0
24.91259264945984 34.0
25.174376487731934 33.0
25.437313318252563 34.0
25.661123514175415 34.0
25.905339002609253 35.0
26.175883293151855 35.0
26.4443781375885 35.0
26.706144094467163 35.0
26.964610815048218 35.0
27.21055579185486 35.0
27.443492889404297 36.0
27.717037200927734 36.0
27.948086738586426 36.0
28.191619157791138 35.0
28.427163124084473 35.0
28.63539409637451 35.0
28.878227710723877 16.0
29.061466455459595 16.0
29.242507696151733 35.0
29.42702841758728 35.0
29.60498571395874 35.0
29.8578040599823 16.0
30.146312952041626 35.0
30.40184760093689 36.0
30.64402675628662 35.0
30.939248085021973 16.0
31.191849946975708 35.0
31.49822998046875 36.0
31.796711921691895 16.0
32.03918933868408 36.0
32.28825569152832 36.0
32.56253123283386 36.0
32.80524659156799 17.0
33.04622006416321 46.0
33.308247089385986 17.0
33.579166650772095 18.0
33.83039951324463 18.0
34.0813672542572 25.0
34.353899240493774 29.0
34.61810517311096 19.0
34.86259984970093 22.0
35.106122732162476 19.0
35.3625693321228 122.0
35.608553647994995 24.0
36.097816705703735 19.0
36.354897260665894 20.0
36.59704303741455 121.0
37.07923221588135 19.0
37.359485387802124 19.0
37.66730856895447 19.0
37.871572971343994 21.0
38.12213897705078 19.0
38.36328983306885 19.0
38.643383502960205 19.0
38.8922061920166 19.0
39.138081312179565 36.0
39.39420557022095 23.0
39.62120223045349 19.0
39.86678385734558 19.0
40.108206272125244 25.0
40.35615944862366 16.0
40.63126540184021 19.0
40.87617325782776 18.0
41.07776761054993 17.0
41.3221652507782 18.0
41.56622314453125 17.0
41.83609700202942 16.0
42.072351694107056 17.0
42.31868863105774 17.0
42.58289051055908 15.0
42.850778341293335 16.0
43.09461832046509 15.0
43.326459884643555 15.0
43.54443120956421 14.0
43.75873827934265 14.0
43.967315435409546 12.0
44.18144631385803 14.0
44.40167951583862 14.0
44.67420053482056 14.0
44.951130390167236 14.0
45.198357343673706 12.0
45.41738152503967 16.0
45.65121507644653 51.0
45.92426013946533 39.0
46.64499306678772 -1.0
46.90212535858154 -3.0
47.417667865753174 -6.0
47.64287972450256 -16.0
47.88168239593506 -14.0
48.123618841171265 3.0
48.37968039512634 1.0
48.636345624923706 -30.0
48.88491606712341 -35.0
49.12298250198364 -37.0
49.37661647796631 -39.0
49.626760482788086 -27.0
49.871052980422974 -55.0
50.102043867111206 -76.0
50.63679766654968 -79.0
50.87199664115906 -79.0
51.107507944107056 -79.0
51.36783456802368 -100.0
51.62090182304382 -80.0
51.829763889312744 -102.0
52.07594609260559 -81.0
52.288738489151 -105.0
52.52532720565796 -83.0
52.76327586174011 -51.0
53.500412940979004 -104.0
53.91997504234314 -106.0
54.179394483566284 -105.0
55.65762734413147 -103.0
56.156116247177124 -101.0
56.62548756599426 -100.0
56.86104917526245 -98.0
57.11520576477051 -98.0
57.55960536003113 -101.0
58.009259939193726 -100.0
58.253408908843994 -99.0
58.63754200935364 -100.0
58.8808696269989 -100.0
59.125067472457886 -99.0
59.33242225646973 -100.0
59.783461570739746 -100.0
60.01333975791931 -101.0
60.201913595199585 -101.0
60.443355560302734 -101.0
60.88187599182129 -102.0
61.07612609863281 -102.0
61.31139039993286 -101.0
61.543811082839966 -102.0
61.79633688926697 -101.0
62.03241443634033 -100.0
62.21955394744873 -99.0
62.43509602546692 -100.0
63.094566345214844 -93.0
63.27388310432434 -102.0
63.45934581756592 -99.0
66.34237432479858 -38.0
68.13801288604736 -2.0
68.39139318466187 7.0
68.62646675109863 10.0
68.81104469299316 9.0
69.01356959342957 7.0
69.20403504371643 9.0
69.43175387382507 28.0
69.64998316764832 5.0
69.89268445968628 8.0
70.13206839561462 5.0
70.34614157676697 9.0
70.59816908836365 29.0
70.83719801902771 11.0
71.06671094894409 11.0
71.25228929519653 12.0
71.4943413734436 32.0
71.69262409210205 8.0
71.93228077888489 13.0
72.17163181304932 30.0
72.42296361923218 30.0
72.6682562828064 11.0
72.91186857223511 6.0
73.14078950881958 29.0
73.37034106254578 29.0
73.61426091194153 28.0
73.8788890838623 11.0
74.37213182449341 28.0
74.6522798538208 26.0
74.90544152259827 26.0
81.02231860160828 0.0
81.25409126281738 0.0
81.45409727096558 5.0
81.65630960464478 2.0
81.85360145568848 1.0
82.03555369377136 1.0
82.25209164619446 2.0
82.47805261611938 3.0
82.73308181762695 5.0
82.97883820533752 28.0
83.23803329467773 28.0
83.52342581748962 2.0
84.24824166297913 24.0
84.74321699142456 25.0
85.0066180229187 25.0
85.26111459732056 23.0
85.5224940776825 20.0
87.29076099395752 -7.0
88.58318614959717 -10.0
95.57892966270447 -3.0
95.85224843025208 -6.0
96.08750033378601 -5.0
96.34277057647705 -3.0
99.2508978843689 -21.0
99.48305583000183 -24.0
99.71224331855774 -6.0
99.90519070625305 -15.0
103.67863273620605 -8.0
104.85978555679321 -13.0
105.06665754318237 -14.0
105.303555727005 -12.0
105.50979948043823 -20.0
107.15907621383667 -33.0
107.60312604904175 -39.0
107.82209777832031 -41.0
108.01252841949463 -45.0
108.5019040107727 -48.0
108.7486400604248 -61.0
108.98815083503723 -63.0
109.22085905075073 -65.0
109.45287132263184 -63.0
109.93772721290588 -79.0
110.74662613868713 -88.0
110.92754435539246 -90.0
111.35806941986084 -94.0
111.58011436462402 -95.0
111.79341387748718 -124.0
111.97708821296692 -125.0
112.15866947174072 -124.0
112.40649127960205 -125.0
112.64061617851257 -125.0
112.8466100692749 -125.0
113.0861554145813 -125.0
113.32291555404663 -125.0
113.5596055984497 -125.0
113.80410814285278 -125.0
114.04908895492554 -125.0
114.29260802268982 -125.0
114.53531765937805 -125.0
114.77482843399048 -125.0
115.01621460914612 -125.0
115.27408862113953 -125.0
115.5145652294159 -125.0
115.7474045753479 -124.0
115.96897387504578 -125.0
116.15527629852295 -125.0
116.34015107154846 -125.0
116.52087998390198 -97.0
116.72764706611633 -94.0
116.97832107543945 -94.0
117.23545122146606 -93.0
117.47264957427979 -92.0
117.71120166778564 -90.0
117.92069053649902 -89.0
118.15194010734558 -81.0
118.38859581947327 -74.0
118.6182291507721 -70.0
118.80219006538391 -69.0
118.98536372184753 -70.0
119.17922401428223 -37.0
119.41291642189026 -35.0
119.65729904174805 -33.0
119.88415765762329 -26.0
120.11480236053467 -26.0
120.34616184234619 -25.0
120.57889437675476 -24.0
120.81139373779297 -24.0
121.04507827758789 -24.0
121.28535032272339 -24.0
121.52480792999268 -23.0
121.7622001171112 -28.0
121.96808290481567 -37.0
122.15068650245667 -34.0
122.3354480266571 -33.0
122.52128410339355 -34.0
122.73763465881348 -35.0
122.92056512832642 -36.0
123.1604413986206 -35.0
123.40401291847229 -39.0
123.6420669555664 -59.0
123.88764238357544 -63.0
124.12397861480713 -66.0
124.36222076416016 -71.0
124.61744809150696 -77.0
124.850754737854 -78.0
125.08260011672974 -76.0
125.31358623504639 -62.0
125.54293775558472 -84.0
125.7884635925293 -92.0
126.03094792366028 -93.0
126.27068281173706 -90.0
126.53326940536499 -102.0
126.80275011062622 -93.0
127.03503370285034 -105.0
127.23600769042969 -112.0
127.49097871780396 -115.0
127.68511772155762 -117.0
127.95496988296509 -120.0
128.21024751663208 -122.0
128.46189045906067 -124.0
128.70186519622803 -124.0
128.9385163784027 -125.0
129.18311762809753 -123.0
129.42728734016418 -125.0
129.61270189285278 -126.0
129.8279092311859 -126.0
130.00756454467773 -126.0
130.2450532913208 -126.0
130.49869203567505 -126.0
130.75306010246277 -127.0
131.02001285552979 -128.0
131.27698278427124 -134.0
133.92634415626526 -128.0
142.91374897956848 -118.0
143.1575095653534 -120.0
143.37123584747314 -121.0
143.6290168762207 -122.0
144.84936690330505 -120.0
146.67232513427734 -115.0
146.93192172050476 -114.0
147.1795299053192 -117.0
149.89096641540527 -32.0
150.06618070602417 -26.0
150.2551007270813 -20.0
150.51279020309448 -10.0
150.82083201408386 -6.0
151.0636236667633 -13.0
151.306640625 -16.0
151.5585618019104 -19.0
151.8273389339447 -20.0
152.09595489501953 -23.0
152.3768982887268 -24.0
152.6031482219696 -23.0
152.84086179733276 -22.0
153.08646726608276 -29.0
153.34781169891357 -34.0
153.60574102401733 -31.0
153.8459186553955 -35.0
154.0589258670807 -30.0
154.2538366317749 -34.0
154.46116542816162 -33.0
154.6491940021515 -42.0
154.87813019752502 -43.0
155.1539649963379 -39.0
155.42008709907532 -40.0
155.68247199058533 -41.0
155.98151016235352 -43.0
156.26831769943237 -109.0
156.50903296470642 -75.0
156.78829741477966 -60.0
157.0471932888031 -86.0
157.3148329257965 -86.0
157.56154346466064 -62.0
157.83325219154358 -49.0
158.07097458839417 -110.0
158.34748435020447 -72.0
158.57442903518677 -51.0
158.82393503189087 -64.0
159.16768312454224 -87.0
159.41619205474854 -64.0
159.655535697937 -87.0
159.88749647140503 -90.0
160.144549369812 -93.0
160.3622646331787 -100.0
160.59034609794617 -100.0
160.77544164657593 -100.0
161.0481677055359 -125.0
161.32758736610413 -125.0
161.59270310401917 -125.0
161.79798769950867 -125.0
162.00656270980835 -124.0
162.27612829208374 -102.0
162.55057954788208 -100.0
162.82042932510376 -95.0
163.05444741249084 -93.0
163.29802179336548 -88.0
163.514874458313 -82.0
163.70123267173767 -79.0
163.93478655815125 -77.0
164.16856837272644 -72.0
164.3738980293274 -71.0
164.56886982917786 -68.0
164.74706745147705 -48.0
164.93109941482544 -50.0
165.1381094455719 -108.0
165.37231636047363 -59.0
165.60378289222717 -40.0
165.8132050037384 -43.0
165.99469113349915 -43.0
166.1774342060089 -40.0
166.36106848716736 -41.0
166.54435062408447 -32.0
166.72567510604858 -34.0
166.9724154472351 -35.0
167.210294008255 -40.0
167.44127774238586 -42.0
167.62796592712402 -38.0
167.81017327308655 -33.0
167.9939329624176 -39.0
168.17552542686462 -51.0
168.38609790802002 -63.0
168.64069604873657 -67.0
168.8764774799347 -69.0
169.0819067955017 -71.0
169.33321690559387 -75.0
169.58094477653503 -77.0
169.84164237976074 -80.0
170.04192423820496 -85.0
170.23011183738708 -86.0
170.4908745288849 -89.0
170.72932529449463 -89.0
170.971120595932 -93.0
171.20864701271057 -95.0
171.45418334007263 -95.0
171.70492577552795 -97.0
171.91671347618103 -101.0
172.19535326957703 -125.0
172.47916984558105 -125.0
172.77597427368164 -125.0
173.04606580734253 -125.0
173.32312750816345 -125.0
173.65886425971985 -125.0
173.95820212364197 -125.0
174.24038696289062 -125.0
174.50467467308044 -125.0
174.78907752037048 -124.0
175.05497312545776 -125.0
175.33353185653687 -125.0
175.60350370407104 -125.0
175.8699085712433 -125.0
176.05846428871155 -123.0
176.3056080341339 -125.0
176.5557153224945 -125.0
176.8194923400879 -125.0
177.20606207847595 -125.0
177.5313789844513 -98.0
177.82012629508972 -125.0
178.07503509521484 -125.0
178.33235478401184 -125.0
178.6248996257782 -125.0
178.89014220237732 -125.0
179.1155285835266 -125.0
179.36835980415344 -125.0
179.64591717720032 -125.0
179.9109172821045 -125.0
180.1569857597351 -124.0
180.42470502853394 -125.0
180.69470286369324 -125.0
181.30741810798645 -125.0
181.56679391860962 -125.0
181.83393120765686 -125.0
182.08604621887207 -125.0
182.27905201911926 -125.0
182.46483731269836 -125.0
182.85521578788757 -125.0
229.89792847633362 -38.0
230.36663365364075 -39.0
230.60305190086365 -38.0
231.08363509178162 -38.0
231.31158471107483 -39.0
232.1864528656006 -41.0
232.3664150238037 -42.0
232.55127477645874 -41.0
232.73147678375244 -40.0
234.7340440750122 -60.0
234.96367406845093 -57.0
235.19772958755493 -57.0
235.39001989364624 -56.0
235.61601948738098 -56.0
235.7956645488739 -55.0
235.9969208240509 -58.0
236.19922280311584 -55.0
236.40673995018005 -62.0
236.64333939552307 -63.0
236.87357664108276 -71.0
237.1029531955719 -72.0
237.3400683403015 -72.0
237.58031940460205 -71.0
237.79913353919983 -70.0
237.99338722229004 -71.0
238.1961693763733 -68.0
238.3978033065796 -66.0
238.62986826896667 -42.0
238.8596968650818 -40.0
239.08656883239746 -51.0
239.3174557685852 -51.0
239.54556226730347 -53.0
239.77493977546692 -70.0
240.00577116012573 -53.0
240.19741868972778 -53.0
240.3769073486328 -55.0
240.5604226589203 -81.0
240.79754781723022 -54.0
241.0188274383545 -56.0
241.19632720947266 -94.0
241.38034391403198 -87.0
241.577778339386 -97.0
241.79933834075928 -91.0
242.03507351875305 -125.0
242.25941252708435 -99.0
242.497385263443 -125.0
242.73445057868958 -124.0
242.97036600112915 -125.0
243.20429253578186 -125.0
243.43640565872192 -125.0
243.6757936477661 -125.0
243.912593126297 -124.0
244.1461501121521 -125.0
244.37326908111572 -125.0
244.60378670692444 -125.0
244.80662393569946 -125.0
245.04455304145813 -125.0
245.28203082084656 -125.0
245.50963592529297 -125.0
245.74525141716003 -125.0
245.98392724990845 -125.0
246.2176923751831 -125.0
246.4494240283966 -125.0
246.71846461296082 -125.0
246.95837426185608 -126.0
247.1624140739441 -126.0
247.34599256515503 -125.0
247.52691173553467 -126.0
247.71104383468628 -124.0
247.89081978797913 -127.0
248.13091802597046 -124.0
248.3658697605133 -129.0
249.01771926879883 -126.0
249.27287888526917 -127.0
249.52806282043457 -128.0
249.76334166526794 -129.0
250.0139708518982 -131.0
250.27587914466858 -131.0
254.61784482002258 -86.0
255.3817913532257 -72.0
255.61601567268372 -66.0
255.8324694633484 -68.0
256.04561042785645 -68.0
256.30258893966675 -68.0
256.548171043396 -82.0
256.7895052433014 -66.0
257.04515194892883 -68.0
257.2995617389679 -66.0
257.5185339450836 -78.0
257.7087173461914 -82.0
257.8876974582672 -77.0
258.1310963630676 -65.0
258.3956286907196 -66.0
258.63649344444275 -80.0
258.87277269363403 -79.0
259.1048834323883 -79.0
259.3693091869354 -80.0
259.64801359176636 -71.0
259.88727474212646 -77.0
260.1193993091583 -81.0
260.31271529197693 -77.0
260.5095019340515 -72.0
260.7705945968628 -78.0
261.01900696754456 -72.0
261.27886390686035 -45.0
261.53384494781494 -42.0
261.80157804489136 -40.0
262.06839752197266 -38.0
262.27676796913147 -34.0
262.45750164985657 -33.0
262.6417946815491 -30.0
262.82532262802124 -14.0
263.06266713142395 -24.0
263.3166904449463 -21.0
263.5096311569214 -20.0
263.73809933662415 -3.0
263.99637746810913 -7.0
264.2690176963806 8.0
264.5468559265137 8.0
264.8164472579956 4.0
265.0511531829834 7.0
265.28282499313354 9.0
265.52271032333374 17.0
265.74217414855957 25.0
265.9769694805145 28.0
266.20209217071533 27.0
266.43388628959656 27.0
266.65445852279663 26.0
266.9429075717926 4.0
267.1462197303772 25.0
267.32805132865906 24.0
267.5227406024933 24.0
267.74581813812256 20.0
267.9740483760834 16.0
268.2355592250824 15.0
268.4716613292694 14.0
268.7060077190399 12.0
268.96937084198 10.0
269.2581386566162 9.0
269.4996290206909 10.0
269.75012850761414 10.0
270.0302023887634 8.0
270.2367994785309 7.0
270.477991104126 -8.0
270.7225971221924 7.0
270.94331645965576 6.0
271.1474392414093 6.0
271.3233277797699 15.0
271.51099944114685 8.0
271.7628445625305 16.0
271.9869282245636 7.0
272.2366554737091 6.0
272.4286108016968 12.0
272.7064998149872 15.0
272.94295501708984 9.0
273.13778424263 13.0
273.36725640296936 7.0
273.6212885379791 3.0
273.9087998867035 4.0
274.16702365875244 0.0
274.396737575531 11.0
274.6572759151459 4.0
274.91422510147095 2.0
275.1533291339874 3.0
275.3973205089569 6.0
275.65394043922424 5.0
275.88445711135864 6.0
276.0670518875122 11.0
276.3047580718994 7.0
276.5458700656891 4.0
276.7893691062927 4.0
277.0043857097626 5.0
277.18749809265137 7.0
277.3694214820862 9.0
277.5502336025238 9.0
277.77905797958374 9.0
278.04108595848083 7.0
278.2955996990204 2.0
278.5540807247162 8.0
278.7950222492218 10.0
279.03160333633423 6.0
279.2515563964844 10.0
279.4954433441162 15.0
279.68559551239014 14.0
279.929496049881 13.0
280.16651821136475 7.0
280.4138250350952 12.0
280.65936255455017 10.0
280.89896988868713 -1.0
281.11031198501587 6.0
281.3480348587036 1.0
281.5906820297241 -1.0
281.8298337459564 -5.0
282.03828144073486 -4.0
282.2218189239502 -8.0
282.4042019844055 -10.0
282.6423034667969 -7.0
282.83711791038513 -1.0
283.01366448402405 -7.0
283.2106113433838 -8.0
