13.20071792602539 -1.0
13.887763738632202 -5.0
14.629136562347412 3.0
14.863402366638184 1.0
15.079178094863892 0.0
15.269535064697266 0.0
15.457740545272827 2.0
15.694756031036377 1.0
15.926425218582153 -1.0
16.111647844314575 -2.0
16.320000410079956 1.0
16.561758995056152 1.0
16.799472093582153 -12.0
17.03970766067505 -2.0
17.26842761039734 -3.0
17.453080415725708 -1.0
17.63926076889038 -14.0
17.83269214630127 -13.0
18.016945362091064 -16.0
18.254673957824707 -2.0
18.439090728759766 -2.0
18.641692638397217 -3.0
18.885387420654297 -1.0
19.130067586898804 -1.0
19.367061138153076 1.0
19.614062070846558 0.0
19.856695652008057 1.0
20.09943962097168 0.0
20.34422016143799 -19.0
20.582719087600708 -18.0
20.823610305786133 -20.0
21.063395977020264 -18.0
21.31406307220459 -16.0
21.601465225219727 -17.0
21.851984977722168 -18.0
22.082404375076294 -17.0
22.263230562210083 -17.0
22.49541687965393 -15.0
22.699177742004395 -16.0
22.906538724899292 -15.0
23.115843534469604 -15.0
23.31136679649353 -17.0
23.49799084663391 -16.0
23.70072865486145 -15.0
23.96654200553894 -15.0
24.229109287261963 -14.0
24.482609748840332 -14.0
24.716957092285156 -16.0
24.957303047180176 -15.0
25.200409650802612 -14.0
25.400861263275146 -14.0
25.58194136619568 -14.0
25.780614852905273 -13.0
26.020683526992798 -16.0
26.259573698043823 -19.0
26.509236574172974 -18.0
26.754345178604126 -1.0
27.008116483688354 -2.0
27.24988603591919 -2.0
27.526615142822266 -3.0
27.782422065734863 -8.0
28.041168689727783 -8.0
28.300336837768555 -4.0
28.554913997650146 -2.0
28.803861141204834 -8.0
29.0440456867218 -8.0
29.28778600692749 -10.0
29.534656763076782 -10.0
29.777039527893066 -10.0
29.98421549797058 -8.0
30.222407817840576 -8.0
30.439930200576782 -8.0
30.90342402458191 -11.0
31.36889672279358 -10.0
31.613525867462158 -10.0
32.55003881454468 -11.0
33.44371008872986 -7.0
33.6708664894104 -7.0
33.862284660339355 -7.0
34.06557106971741 -6.0
34.24807333946228 -3.0
34.43312191963196 -5.0
34.66941022872925 -4.0
34.90705919265747 -4.0
35.10272002220154 -3.0
35.28733539581299 -3.0
35.474899768829346 -2.0
35.66288375854492 -1.0
36.03907895088196 -1.0
36.240532636642456 -1.0
36.47821068763733 -1.0
36.71891117095947 -1.0
36.95199751853943 -2.0
37.18258714675903 -2.0
37.423805236816406 -3.0
37.62599229812622 -4.0
37.864768981933594 -4.0
38.34206247329712 -4.0
38.58033752441406 -5.0
38.85752272605896 -6.0
39.11091160774231 -6.0
39.541884422302246 -7.0
39.72437834739685 -9.0
39.96679472923279 -8.0
40.208178997039795 -9.0
40.70325064659119 -10.0
40.94168663024902 -7.0
41.14494347572327 -8.0
41.328999519348145 -9.0
41.69626569747925 -7.0
41.881547927856445 -7.0
42.06547784805298 -4.0
42.25153613090515 -4.0
42.609288454055786 -18.0
42.80157113075256 -17.0
42.99482345581055 -18.0
43.18486189842224 0.0
43.547961711883545 -10.0
43.7309455871582 3.0
44.152270555496216 2.0
44.633010387420654 4.0
44.821308851242065 3.0
45.062288999557495 6.0
45.29731297492981 5.0
45.7828733921051 4.0
46.02992272377014 5.0
46.267287254333496 5.0
46.509719133377075 7.0
46.938350677490234 6.0
47.168052434921265 6.0
47.66099977493286 5.0
48.629204511642456 5.0
48.88435196876526 3.0
51.22178602218628 -5.0
51.67512059211731 -3.0
51.909775495529175 -1.0
52.147374868392944 10.0
52.38573908805847 11.0
52.85503387451172 13.0
54.49330115318298 16.0
54.6990807056427 5.0
59.219077587127686 11.0
61.62096405029297 8.0
61.88511371612549 10.0
62.08412790298462 12.0
62.323692321777344 12.0
62.7959988117218 13.0
63.02677798271179 13.0
63.26000142097473 13.0
63.49222445487976 14.0
63.74110150337219 14.0
63.97828197479248 14.0
64.21223282814026 14.0
64.4467351436615 26.0
64.6709611415863 14.0
64.85656666755676 13.0
65.09174633026123 13.0
65.32754516601562 12.0
65.56554889678955 10.0
65.80149173736572 10.0
66.03221416473389 8.0
66.26774907112122 11.0
66.50567269325256 12.0
66.76453471183777 14.0
67.02167248725891 15.0
67.25998449325562 33.0
67.50035381317139 16.0
67.7480456829071 16.0
67.96642422676086 16.0
68.15704202651978 18.0
68.35541653633118 17.0
68.59404373168945 35.0
68.84539818763733 35.0
69.30913352966309 34.0
69.52753591537476 34.0
69.73450970649719 32.0
69.93381309509277 33.0
70.17958211898804 36.0
70.38486409187317 34.0
70.62047934532166 33.0
71.56199955940247 27.0
71.80602216720581 36.0
72.04468178749084 22.0
72.99764752388 24.0
77.56041598320007 18.0
78.94198489189148 42.0
81.83524751663208 56.0
85.68121480941772 80.0
85.92555904388428 81.0
93.32236933708191 115.0
93.57119464874268 116.0
93.80657434463501 116.0
94.29614686965942 117.0
94.53884506225586 117.0
95.35523080825806 117.0
95.55178713798523 118.0
95.79993891716003 118.0
96.03985357284546 117.0
96.26941061019897 118.0
96.51140689849854 117.0
96.75373649597168 118.0
97.17783308029175 125.0
97.59543800354004 127.0
97.83606314659119 128.0
98.0510642528534 130.0
98.28942036628723 133.0
98.77321147918701 136.0
99.02445077896118 138.0
99.2555844783783 140.0
99.48994374275208 142.0
99.95757222175598 146.0
100.4286162853241 118.0
122.22887015342712 146.0
122.48679637908936 146.0
122.78304696083069 142.0
123.031907081604 140.0
123.2818078994751 139.0
123.75448369979858 135.0
123.9952278137207 134.0
124.2385151386261 132.0
124.47638630867004 133.0
124.73923468589783 129.0
124.97114419937134 127.0
125.19816827774048 127.0
126.15941882133484 121.0
126.3468668460846 119.0
126.53443574905396 122.0
126.72597479820251 122.0
126.91877508163452 120.0
127.15539932250977 119.0
127.39575934410095 119.0
127.63791823387146 118.0
127.89499425888062 118.0
128.15539574623108 118.0
128.4024953842163 120.0
128.66003799438477 119.0
128.9083845615387 115.0
129.10163044929504 116.0
129.30897045135498 117.0
129.5493655204773 118.0
129.75491762161255 118.0
130.01806712150574 119.0
130.23711490631104 116.0
130.42258191108704 115.0
130.6537253856659 119.0
130.84864020347595 82.0
131.03286361694336 119.0
131.23955845832825 119.0
131.4810140132904 118.0
131.71473097801208 118.0
131.9452726840973 83.0
132.18385577201843 82.0
132.41547989845276 115.0
132.61711883544922 113.0
132.85316228866577 80.0
133.07913827896118 81.0
133.29278254508972 78.0
133.53869938850403 76.0
133.76546430587769 73.0
134.00454092025757 110.0
134.26071500778198 112.0
134.52673244476318 112.0
134.76615142822266 112.0
134.95252203941345 115.0
135.14792943000793 116.0
135.38531875610352 116.0
135.67567586898804 113.0
135.9431653022766 113.0
136.218514919281 112.0
136.46164202690125 108.0
136.64573621749878 111.0
136.89420342445374 111.0
137.15475511550903 111.0
137.40000653266907 109.0
137.64420318603516 111.0
137.90822911262512 75.0
138.13233304023743 75.0
138.39531254768372 70.0
138.6419792175293 106.0
138.89600801467896 74.0
139.13406324386597 71.0
139.36924362182617 39.0
139.57056951522827 106.0
139.75168776512146 106.0
139.93576574325562 103.0
140.12329006195068 103.0
140.3574573993683 71.0
140.58866167068481 38.0
140.83367085456848 114.0
141.07667326927185 73.0
141.2707381248474 74.0
141.4539806842804 72.0
141.63633561134338 74.0
141.87713718414307 75.0
142.1111958026886 73.0
142.344482421875 76.0
142.5812427997589 72.0
143.00216245651245 78.0
143.19296884536743 77.0
143.3829526901245 79.0
143.64003324508667 78.0
143.84812021255493 80.0
144.08174848556519 105.0
144.29699873924255 106.0
144.47937059402466 106.0
144.66686463356018 107.0
144.90912532806396 125.0
145.15235781669617 125.0
145.3854444026947 125.0
145.6282618045807 106.0
145.8718569278717 126.0
146.11166858673096 126.0
146.35393500328064 124.0
146.59135150909424 125.0
146.84855461120605 125.0
147.13359451293945 125.0
147.3782937526703 125.0
147.6158845424652 124.0
147.88426613807678 126.0
148.1492989063263 126.0
148.3885681629181 126.0
148.60624170303345 126.0
148.85021781921387 125.0
149.1259880065918 126.0
149.38033485412598 126.0
149.61570119857788 126.0
149.85675263404846 126.0
150.24735856056213 127.0
150.56676721572876 127.0
150.83238673210144 128.0
151.07235646247864 126.0
151.3179225921631 128.0
151.5587875843048 137.0
151.79617857933044 139.0
152.03436827659607 143.0
152.2219042778015 145.0
152.455402135849 147.0
152.71758580207825 149.0
195.1133644580841 136.0
195.35089230537415 132.0
195.58455324172974 128.0
196.5073835849762 64.0
196.69704794883728 67.0
196.9834644794464 66.0
197.2431344985962 63.0
197.482079744339 65.0
197.72689294815063 65.0
197.97469425201416 64.0
198.2258358001709 60.0
198.46975946426392 59.0
198.70945715904236 58.0
198.94599032402039 57.0
199.18233156204224 54.0
199.42333698272705 57.0
199.70075964927673 57.0
199.95637965202332 56.0
200.17210626602173 55.0
200.38001894950867 56.0
200.63377833366394 55.0
200.86645793914795 54.0
201.12103748321533 53.0
201.37375783920288 53.0
201.6087522506714 54.0
201.7995674610138 53.0
202.03991103172302 53.0
202.26185011863708 57.0
202.4914698600769 54.0
202.72481441497803 55.0
202.96691703796387 56.0
203.20406246185303 55.0
203.4378161430359 56.0
203.67654967308044 58.0
203.95354413986206 56.0
204.4107301235199 57.0
204.7227201461792 57.0
205.03946232795715 60.0
205.31479263305664 60.0
205.5625205039978 51.0
205.80118799209595 59.0
206.0520646572113 59.0
206.30883526802063 64.0
206.54921579360962 64.0
206.78622460365295 62.0
207.0087389945984 60.0
207.4343400001526 60.0
207.69122672080994 56.0
207.92433071136475 60.0
208.16582250595093 60.0
208.38780856132507 89.0
208.6301863193512 59.0
208.86931681632996 59.0
209.13174772262573 60.0
209.37210392951965 60.0
209.59977793693542 88.0
209.7919955253601 64.0
210.01264190673828 65.0
210.25131130218506 66.0
210.48745942115784 67.0
210.71500897407532 67.0
210.960706949234 68.0
211.18987894058228 68.0
211.42338514328003 70.0
211.66015529632568 72.0
211.95072889328003 73.0
212.20927453041077 73.0
212.45479202270508 73.0
212.71263337135315 73.0
212.9558503627777 74.0
213.19719576835632 109.0
213.44001960754395 74.0
213.68372988700867 113.0
214.06525135040283 114.0
214.49560165405273 117.0
214.96691799163818 117.0
215.30214142799377 119.0
215.4933581352234 120.0
215.69138526916504 121.0
215.898090839386 122.0
216.14556622505188 122.0
216.40835046768188 123.0
216.65092277526855 124.0
216.88034224510193 125.0
217.10104990005493 126.0
217.3725347518921 126.0
217.64741015434265 126.0
217.90451335906982 126.0
218.1645679473877 126.0
218.4416790008545 127.0
218.6879642009735 127.0
218.8920135498047 127.0
219.14076828956604 127.0
219.38110661506653 128.0
219.60097432136536 129.0
219.81487822532654 129.0
220.07219099998474 130.0
220.31167578697205 130.0
220.5123472213745 131.0
220.69960379600525 132.0
220.88304448127747 133.0
221.1382851600647 134.0
221.3908452987671 134.0
221.78001236915588 137.0
222.24873042106628 140.0
222.4851951599121 139.0
222.72715163230896 123.0
222.97836446762085 123.0
223.44531750679016 124.0
223.70196652412415 147.0
238.3993661403656 141.0
238.83275294303894 127.0
239.07700037956238 130.0
239.32904982566833 129.0
239.55620050430298 129.0
239.81940746307373 130.0
240.0749192237854 129.0
240.31813311576843 131.0
240.5326645374298 133.0
240.79368376731873 132.0
241.06055212020874 130.0
241.30989003181458 131.0
241.49948382377625 127.0
241.6935477256775 127.0
241.94406604766846 132.0
242.2136754989624 133.0
242.44062685966492 131.0
242.67809104919434 128.0
242.89935755729675 133.0
243.1461193561554 127.0
243.37743163108826 127.0
243.56615781784058 132.0
243.80901670455933 133.0
244.05281138420105 127.0
244.29119038581848 127.0
244.54057812690735 132.0
244.77704644203186 131.0
245.02276706695557 127.0
245.24798679351807 127.0
245.48837447166443 127.0
245.7139859199524 126.0
245.89792037010193 125.0
246.15840792655945 126.0
246.37551355361938 126.0
246.69707417488098 131.0
246.93303751945496 132.0
247.17371535301208 130.0
247.38441467285156 125.0
247.62011909484863 131.0
247.85558772087097 131.0
248.0893795490265 130.0
248.34315013885498 129.0
248.57516026496887 127.0
248.81111025810242 115.0
249.05127906799316 127.0
249.2841830253601 127.0
249.52684378623962 131.0
249.77422499656677 131.0
249.99131560325623 130.0
250.17542839050293 131.0
250.36753511428833 131.0
250.5756552219391 131.0
250.75798439979553 132.0
250.9967577457428 132.0
251.24233102798462 131.0
251.46386814117432 132.0
251.7042155265808 131.0
251.94335961341858 131.0
252.18705296516418 131.0
252.4176275730133 131.0
252.60588097572327 130.0
252.84401178359985 130.0
253.08118224143982 130.0
253.31777143478394 130.0
253.56086826324463 130.0
253.79194712638855 130.0
254.03050994873047 130.0
254.26868772506714 132.0
254.51912260055542 131.0
254.76000571250916 131.0
255.00441026687622 131.0
255.24401259422302 129.0
255.4793393611908 131.0
255.6616141796112 131.0
255.87132000923157 131.0
256.113000869751 130.0
256.29907178878784 129.0
256.49585819244385 130.0
256.7422528266907 130.0
256.99091267585754 130.0
257.19279313087463 129.0
257.3756215572357 129.0
257.5827443599701 130.0
257.8299686908722 128.0
258.07111167907715 128.0
258.3121166229248 128.0
258.5569245815277 127.0
258.73702096939087 128.0
258.9405653476715 128.0
259.18262696266174 128.0
259.42456674575806 128.0
259.6550364494324 129.0
259.9030201435089 128.0
260.15551471710205 129.0
260.43494844436646 128.0
260.6908206939697 130.0
260.9357953071594 130.0
261.1685600280762 130.0
261.4235806465149 130.0
261.6704053878784 130.0
261.86962151527405 130.0
262.110223531723 129.0
262.36802530288696 130.0
262.6431837081909 130.0
262.88947010040283 130.0
263.1603558063507 130.0
263.43437695503235 128.0
263.6841881275177 130.0
263.93156838417053 130.0
264.1863822937012 129.0
264.4426736831665 129.0
264.7123610973358 129.0
264.96011328697205 129.0
265.1983926296234 130.0
265.4311146736145 131.0
265.7128531932831 130.0
265.99387669563293 129.0
266.2441794872284 130.0
266.4308748245239 130.0
266.67290782928467 130.0
266.9106345176697 130.0
267.180721282959 130.0
267.4222934246063 130.0
267.65966510772705 130.0
267.8845751285553 130.0
268.15213680267334 129.0
268.41095066070557 130.0
268.650817155838 131.0
268.8577706813812 130.0
269.1075384616852 130.0
269.34697699546814 130.0
269.5856215953827 128.0
269.8280944824219 128.0
270.02372336387634 129.0
270.2132532596588 129.0
270.39590787887573 127.0
270.61933398246765 128.0
270.81672286987305 127.0
271.0662565231323 127.0
271.30067777633667 127.0
271.54967498779297 127.0
271.7896406650543 127.0
272.01071858406067 128.0
272.22293758392334 128.0
272.40756392478943 128.0
272.61260199546814 128.0
272.85054326057434 127.0
273.09441661834717 127.0
273.33441829681396 111.0
273.5453667640686 111.0
273.7818305492401 110.0
274.0305485725403 110.0
274.2715473175049 111.0
274.5125467777252 111.0
274.75401854515076 111.0
274.99275517463684 111.0
275.4313929080963 110.0
275.64646005630493 110.0
275.8324420452118 111.0
276.02384996414185 111.0
276.4059295654297 110.0
276.6464488506317 110.0
276.88509368896484 109.0
277.3644800186157 110.0
277.60862827301025 110.0
277.84315752983093 110.0
278.2771587371826 113.0
300.59903287887573 115.0
300.8479599952698 114.0
301.1005349159241 112.0
301.6318533420563 127.0
301.86463594436646 127.0
302.1049156188965 127.0
302.3709020614624 127.0
302.6097755432129 127.0
302.81514167785645 127.0
303.0609040260315 127.0
303.3039882183075 113.0
303.5036380290985 128.0
303.72312593460083 128.0
303.9113483428955 129.0
304.1462013721466 129.0
304.34448170661926 126.0
304.5433783531189 126.0
304.7321481704712 126.0
304.969486951828 126.0
305.20545768737793 126.0
305.45591139793396 126.0
305.70384192466736 126.0
305.95638728141785 127.0
306.18979573249817 126.0
306.44998478889465 126.0
306.7173457145691 126.0
306.99934124946594 127.0
307.23833084106445 127.0
307.48108649253845 126.0
307.72869420051575 126.0
307.9584391117096 127.0
308.22008538246155 126.0
308.43147110939026 129.0
308.6177124977112 127.0
308.84309458732605 127.0
309.04108452796936 128.0
309.27798795700073 126.0
309.51591897010803 129.0
309.72236919403076 126.0
309.9185440540314 126.0
310.10681915283203 128.0
310.33933210372925 126.0
310.56624579429626 124.0
310.82787466049194 126.0
311.2050938606262 126.0
311.4186975955963 126.0
311.67492485046387 126.0
311.92199206352234 125.0
312.2300555706024 126.0
312.48866534233093 126.0
312.71310353279114 126.0
312.9528696537018 127.0
313.40118932724 128.0
313.6335062980652 128.0
313.85368609428406 127.0
314.1185610294342 130.0
330.20518612861633 121.0
330.6714172363281 122.0
330.89925599098206 122.0
331.33436918258667 121.0
331.54412841796875 122.0
331.81587767601013 120.0
332.08252716064453 121.0
332.7973954677582 120.0
333.28174591064453 106.0
333.5200228691101 120.0
333.7723882198334 106.0
334.29956340789795 124.0
334.5507209300995 124.0
335.05503582954407 124.0
335.3334090709686 106.0
335.6130921840668 106.0
335.86883783340454 106.0
336.63652443885803 121.0
336.9108257293701 121.0
337.17605686187744 122.0
337.3706855773926 119.0
337.6217975616455 122.0
337.8702082633972 109.0
338.11476826667786 121.0
338.37384390830994 123.0
338.89593601226807 124.0
339.174357175827 123.0
339.43635296821594 123.0
339.6709291934967 123.0
340.1434805393219 124.0
340.4200117588043 124.0
340.650598526001 123.0
341.31377148628235 123.0
341.55395889282227 123.0
345.5064880847931 122.0
345.90648221969604 123.0
346.17627120018005 123.0
346.449410200119 123.0
346.7030146121979 123.0
347.26056718826294 123.0
347.5079553127289 123.0
347.7870388031006 123.0
348.0537848472595 124.0
348.53381419181824 123.0
348.77305698394775 123.0
349.0485327243805 123.0
349.31185579299927 123.0
349.7175121307373 123.0
349.90663623809814 123.0
350.147465467453 123.0
350.40806245803833 123.0
352.3554627895355 123.0
353.28207540512085 124.0
354.79043316841125 124.0
355.0543203353882 123.0
355.7964553833008 123.0
356.0475597381592 123.0
360.64926505088806 125.0
363.65654134750366 124.0
364.79590582847595 123.0
788.5778167247772 123.0
892.8417322635651 123.0
893.7535336017609 123.0
894.131510257721 124.0
894.7997274398804 124.0
903.2837262153625 120.0
904.2001237869263 120.0
905.4407274723053 120.0
905.7052099704742 120.0
906.2327139377594 119.0
906.7594850063324 119.0
908.0125272274017 120.0
908.2189974784851 121.0
911.379064321518 123.0
912.5248820781708 123.0
912.75901055336 123.0
912.9413840770721 123.0
914.2162518501282 124.0
914.4509344100952 125.0
914.686863899231 124.0
914.9225897789001 125.0
915.3897259235382 125.0
915.6263494491577 126.0
915.8312482833862 125.0
916.0671000480652 124.0
916.2466270923615 124.0
916.4314932823181 124.0
916.668203830719 124.0
916.901252746582 124.0
917.1351399421692 123.0
917.3680038452148 123.0
917.5582325458527 124.0
917.7772285938263 125.0
917.9581863880157 127.0
918.1397974491119 126.0
918.3298726081848 126.0
918.5196824073792 126.0
918.7378633022308 126.0
918.9639248847961 128.0
919.2016503810883 128.0
919.4327583312988 128.0
919.6600832939148 126.0
919.8874049186707 127.0
920.1172387599945 126.0
920.3456890583038 126.0
920.8038346767426 128.0
921.0401146411896 128.0
921.2720510959625 126.0
921.520566701889 126.0
921.7609815597534 127.0
921.9877648353577 126.0
922.2279212474823 127.0
922.4691352844238 125.0
923.1515684127808 137.0
923.8616490364075 120.0
929.1623680591583 -81.0
929.3472175598145 -79.0
929.5948357582092 -75.0
929.833548784256 -72.0
930.0249817371368 -70.0
930.4022686481476 -69.0
930.6408281326294 -52.0
930.8826019763947 -47.0
931.1139340400696 -46.0
931.3454773426056 -44.0
931.5736653804779 -42.0
931.8061516284943 -42.0
932.0325267314911 -41.0
932.2649395465851 -40.0
932.4950141906738 -39.0
932.721661567688 -39.0
932.952229976654 -38.0
933.1809611320496 -36.0
933.4169130325317 -36.0
933.6450607776642 -35.0
933.8727970123291 -34.0
934.1014034748077 -35.0
934.3392078876495 -34.0
934.5916426181793 -33.0
934.8309042453766 -33.0
935.030998468399 -31.0
935.2146673202515 -31.0
935.3995270729065 -31.0
935.5790729522705 -30.0
935.81605219841 -30.0
936.054648399353 -30.0
936.2873566150665 -30.0
936.4825274944305 -30.0
936.6882066726685 -29.0
936.9131429195404 -30.0
937.0992496013641 -29.0
937.2803499698639 -29.0
937.4629769325256 -28.0
937.6457343101501 -28.0
937.874030828476 -28.0
938.0566663742065 -27.0
938.2562177181244 -27.0
938.4380068778992 -26.0
938.6750259399414 -25.0
938.9091053009033 -25.0
939.1485395431519 -25.0
939.3862144947052 -25.0
939.6248691082001 -24.0
939.8622872829437 -24.0
940.098119020462 -24.0
940.3318407535553 -24.0
940.5663290023804 -25.0
940.8027744293213 -25.0
941.0372200012207 -25.0
941.263774394989 -24.0
941.4908273220062 -25.0
941.7006962299347 -26.0
941.9403855800629 -26.0
942.1751787662506 -26.0
942.4097142219543 -27.0
942.649888753891 -25.0
942.8814444541931 -27.0
943.1227395534515 -26.0
943.3632969856262 -26.0
943.5497643947601 -26.0
943.7369668483734 -29.0
943.9211368560791 -29.0
944.1540386676788 -31.0
944.3947970867157 -32.0
944.6327691078186 -32.0
944.810144662857 -33.0
944.9913244247437 -33.0
945.1704802513123 -32.0
945.4088475704193 -33.0
945.6456179618835 -33.0
945.8745558261871 -34.0
946.1047310829163 -35.0
946.3177354335785 -35.0
948.0706670284271 -41.0
948.3095457553864 -41.0
948.5453560352325 -41.0
948.7307224273682 -41.0
948.9643812179565 -41.0
949.1809589862823 -41.0
952.6222467422485 -41.0
952.8577885627747 -42.0
953.0927538871765 -43.0
955.6908757686615 -26.0
955.9206421375275 -23.0
956.1525928974152 -36.0
956.3849489688873 -36.0
956.618433713913 -36.0
956.8545062541962 -36.0
957.0839900970459 -36.0
957.2607221603394 -36.0
957.4396386146545 -36.0
957.6211524009705 -36.0
957.8504869937897 -25.0
958.0805017948151 -37.0
958.2900133132935 -37.0
958.5023913383484 -37.0
958.6964740753174 -37.0
958.8943791389465 -25.0
959.0762424468994 -23.0
959.2590630054474 -23.0
959.4953310489655 -26.0
959.7315683364868 -25.0
959.9583489894867 -37.0
960.1974947452545 -37.0
960.4361870288849 -37.0
960.645094871521 -36.0
960.8320994377136 -8.0
961.0348823070526 -37.0
961.2294988632202 -67.0
961.4104273319244 -36.0
961.6394109725952 -40.0
961.8218462467194 -45.0
