1.9835045337677002 -16.0
2.1533453464508057 -16.0
2.318676233291626 -15.0
2.5610029697418213 -17.0
2.816969394683838 -18.0
3.0533478260040283 -20.0
3.3003056049346924 -21.0
3.548527956008911 -20.0
3.807110548019409 -21.0
4.051347255706787 -19.0
4.289744138717651 -16.0
4.757980823516846 -16.0
5.072497129440308 -17.0
5.3895368576049805 -21.0
5.767723798751831 -22.0
6.137949466705322 -26.0
6.519186496734619 -30.0
6.878865718841553 -31.0
7.266341686248779 -30.0
7.628813028335571 -32.0
8.08871054649353 -40.0
8.4629487991333 -36.0
8.856993436813354 -39.0
9.202763319015503 -38.0
9.534594297409058 -39.0
9.91672658920288 -41.0
10.289480924606323 -41.0
10.655816793441772 -39.0
11.066351890563965 -41.0
11.349100351333618 -37.0
11.79426908493042 -39.0
12.138997316360474 -35.0
12.616552352905273 -39.0
12.966905355453491 -39.0
13.312615871429443 -42.0
13.660676956176758 -45.0
14.016759872436523 -50.0
14.369176387786865 -50.0
14.768448829650879 -51.0
15.117777824401855 -53.0
15.482833862304688 -59.0
15.860615491867065 -59.0
16.275817394256592 -57.0
16.618184804916382 -45.0
17.012044191360474 -37.0
17.72006869316101 -18.0
18.098087310791016 -7.0
19.429367542266846 3.0
22.01325821876526 13.0
23.120471715927124 19.0
23.349756956100464 30.0
23.579461574554443 32.0
23.799623489379883 38.0
24.03151226043701 40.0
24.265196084976196 40.0
24.488640069961548 44.0
24.72141981124878 48.0
24.948506355285645 60.0
25.188847303390503 74.0
25.382365942001343 75.0
25.611711025238037 74.0
25.84566020965576 77.0
26.072455883026123 77.0
26.304529428482056 81.0
26.53542971611023 84.0
26.900156259536743 112.0
27.266281127929688 75.0
27.581071853637695 101.0
28.01025080680847 95.0
28.327635765075684 85.0
28.786527156829834 80.0
29.097814798355103 65.0
29.518032550811768 54.0
31.165567636489868 33.0
32.39006590843201 24.0
33.63207697868347 17.0
34.79254388809204 5.0
35.98550057411194 -4.0
37.22670865058899 -15.0
38.42217659950256 -23.0
39.69387984275818 -20.0
41.0080771446228 -18.0
42.2797532081604 -18.0
43.54800271987915 -19.0
44.76988244056702 -15.0
46.012149810791016 -19.0
47.199995040893555 -19.0
48.38819909095764 -19.0
49.92046642303467 -19.0
52.3657066822052 -23.0
54.53962159156799 -30.0
55.760331869125366 -27.0
57.212618589401245 -14.0
