13.150463819503784 -61.0
13.382100582122803 -65.0
13.973951816558838 -62.0
14.155179500579834 -50.0
15.261120080947876 -63.0
15.495147228240967 -67.0
17.945735931396484 -61.0
18.182785034179688 -63.0
18.429767847061157 -62.0
18.66720700263977 -65.0
18.898476600646973 -65.0
19.135082006454468 -68.0
19.36998748779297 -65.0
19.614043474197388 -65.0
20.021328449249268 -85.0
20.21882390975952 -85.0
20.397945165634155 -84.0
20.578640937805176 -68.0
20.812719345092773 -69.0
21.046776294708252 -70.0
21.28052258491516 -87.0
21.51649308204651 -72.0
21.748395919799805 -72.0
22.215473413467407 -72.0
22.444960832595825 -91.0
22.67416477203369 -89.0
22.905933141708374 -72.0
23.348963499069214 -90.0
23.582635164260864 -71.0
23.756164073944092 -88.0
23.90989089012146 -70.0
24.08297634124756 -70.0
24.23285722732544 -87.0
24.39509868621826 -68.0
24.57277822494507 -85.0
24.75958251953125 -66.0
24.964761972427368 -66.0
25.14473009109497 -65.0
25.325555562973022 -66.0
25.500865697860718 -66.0
25.6765239238739 -68.0
26.03618335723877 -69.0
26.23120951652527 -68.0
26.40820074081421 -83.0
26.610418796539307 -67.0
26.96838116645813 -79.0
27.150620460510254 -67.0
27.365452766418457 -87.0
27.634456634521484 -68.0
27.884319305419922 -71.0
28.135229110717773 -69.0
28.37362027168274 -91.0
28.595186471939087 -89.0
28.84111785888672 -88.0
29.303581476211548 -71.0
29.499656915664673 -92.0
29.710611581802368 -91.0
29.967929124832153 -91.0
30.214934587478638 -72.0
30.402246475219727 -90.0
30.601633310317993 -92.0
30.84870672225952 -93.0
31.070703268051147 -93.0
31.252097606658936 -73.0
31.449977159500122 -93.0
31.71971344947815 -95.0
32.06212520599365 -95.0
32.33098363876343 -96.0
32.88282084465027 -94.0
33.17150354385376 -94.0
33.45884084701538 -94.0
33.7722373008728 -95.0
34.05217003822327 -95.0
34.33354115486145 -93.0
34.594552993774414 -92.0
34.87027382850647 -91.0
35.145732164382935 -91.0
35.42491102218628 -90.0
35.708492040634155 -71.0
36.00696921348572 -88.0
36.31027579307556 -88.0
36.60102319717407 -83.0
37.11968111991882 -83.0
37.37184691429138 -80.0
37.659345626831055 -77.0
37.92682337760925 -75.0
38.447880268096924 -72.0
38.709869146347046 -70.0
38.968769550323486 -68.0
39.21545672416687 -67.0
39.716007232666016 -61.0
39.97005486488342 -61.0
40.22258377075195 -60.0
40.481651067733765 -58.0
40.98243737220764 -49.0
41.22731018066406 -44.0
41.4749596118927 -43.0
41.72878360748291 -40.0
42.997507095336914 -28.0
43.50096869468689 -25.0
45.30466079711914 -13.0
46.106523275375366 -9.0
48.65779638290405 -7.0
48.9194495677948 -10.0
49.18022537231445 -9.0
49.96749258041382 -5.0
50.50688815116882 -9.0
51.24920392036438 -14.0
51.483726978302 -15.0
51.73558783531189 -15.0
51.96801543235779 -16.0
52.4090678691864 -17.0
52.64140510559082 -17.0
52.88488483428955 -20.0
53.123048543930054 -37.0
53.86848497390747 -26.0
54.109142541885376 -26.0
55.44981622695923 -41.0
56.3768367767334 -34.0
56.60271167755127 -30.0
57.13930821418762 -29.0
57.38672876358032 -27.0
57.74392914772034 -25.0
61.00709891319275 -22.0
64.44212818145752 -9.0
65.21509337425232 -3.0
73.87262797355652 -14.0
74.25938487052917 -8.0
76.22599792480469 1.0
76.72288227081299 18.0
76.96599888801575 19.0
77.21975779533386 15.0
77.47087693214417 17.0
77.71082806587219 23.0
77.93214774131775 6.0
84.26554727554321 22.0
84.51620364189148 24.0
84.75873041152954 19.0
85.26684236526489 26.0
85.57061314582825 22.0
85.83356928825378 30.0
86.09149265289307 23.0
86.42427372932434 29.0
86.72975087165833 31.0
87.03367376327515 35.0
87.31653451919556 35.0
87.57945203781128 34.0
88.11006188392639 35.0
88.40669655799866 35.0
88.6602885723114 35.0
88.8701114654541 34.0
89.25427913665771 37.0
89.48783564567566 41.0
89.73725891113281 40.0
89.98469066619873 40.0
90.24201226234436 41.0
90.50451612472534 58.0
90.7519121170044 54.0
90.99112319946289 57.0
91.23132586479187 58.0
91.46661972999573 63.0
91.70699214935303 64.0
91.94809317588806 72.0
92.18372178077698 73.0
92.42103409767151 67.0
92.65203070640564 70.0
92.88826942443848 74.0
93.13964867591858 73.0
93.37403774261475 74.0
93.62478494644165 73.0
93.87357425689697 93.0
94.24893307685852 98.0
94.49636197090149 100.0
94.74064183235168 100.0
95.08085823059082 83.0
95.39685392379761 101.0
95.64732098579407 103.0
95.88827705383301 102.0
96.13407182693481 103.0
96.40896725654602 80.0
96.7247462272644 100.0
97.01195931434631 100.0
97.27040457725525 101.0
97.62446999549866 100.0
97.90281248092651 96.0
98.20418667793274 92.0
98.4788966178894 82.0
98.69536828994751 82.0
98.9445128440857 82.0
99.21336650848389 79.0
99.46648836135864 80.0
99.71475625038147 93.0
99.95641303062439 91.0
100.20337224006653 85.0
100.46374487876892 70.0
100.71042037010193 70.0
100.9518895149231 69.0
101.18430495262146 70.0
101.39885973930359 67.0
101.62437129020691 61.0
101.9070496559143 59.0
102.18092489242554 57.0
102.46707725524902 47.0
102.71336817741394 46.0
102.95407557487488 48.0
103.1516387462616 44.0
103.3337140083313 44.0
103.56951665878296 43.0
103.81204175949097 39.0
104.04584836959839 40.0
104.23313617706299 26.0
104.52675032615662 24.0
104.72373390197754 24.0
104.9040322303772 22.0
105.10900592803955 37.0
105.38498139381409 22.0
105.63132429122925 21.0
105.82230138778687 21.0
106.00691485404968 22.0
106.20971822738647 37.0
106.44191026687622 35.0
106.62912559509277 35.0
106.86351585388184 35.0
107.09888744354248 36.0
107.35588836669922 36.0
107.62551522254944 23.0
107.86064529418945 23.0
108.08651065826416 23.0
108.27205657958984 23.0
108.4641661643982 36.0
108.7025396823883 31.0
108.95542478561401 34.0
109.13522720336914 28.0
109.31552910804749 28.0
109.49024057388306 25.0
109.72913861274719 26.0
110.00155568122864 28.0
110.25546479225159 28.0
110.49310302734375 24.0
110.73041701316833 24.0
110.9601457118988 26.0
111.18579149246216 27.0
111.41990375518799 23.0
111.68231344223022 24.0
111.9319531917572 24.0
112.19439792633057 21.0
112.47762393951416 20.0
112.72951459884644 15.0
112.98343086242676 12.0
113.24627208709717 11.0
113.46735978126526 11.0
113.67472815513611 15.0
113.90565991401672 13.0
114.14212846755981 13.0
114.40049147605896 13.0
114.66096806526184 12.0
114.93176436424255 12.0
115.19685816764832 11.0
115.46178984642029 12.0
115.66685271263123 6.0
115.9052746295929 7.0
116.14891338348389 11.0
116.38874554634094 2.0
116.64261198043823 5.0
116.90571331977844 7.0
117.13992142677307 1.0
117.37070775032043 2.0
117.66179394721985 0.0
117.9337055683136 -1.0
118.23282027244568 -6.0
118.4989743232727 2.0
118.75266695022583 -1.0
118.99442052841187 4.0
119.23915576934814 7.0
119.48658299446106 1.0
119.75558590888977 2.0
120.02100944519043 8.0
120.27519106864929 9.0
120.53601741790771 8.0
120.79368424415588 7.0
121.0431170463562 9.0
121.30677008628845 9.0
121.5498435497284 9.0
121.80102062225342 11.0
122.10769271850586 8.0
122.39279985427856 11.0
122.66571950912476 9.0
122.95237135887146 8.0
123.25454115867615 7.0
123.5150237083435 9.0
123.78253197669983 9.0
124.02996945381165 7.0
124.29985404014587 5.0
124.57248902320862 4.0
124.85365295410156 13.0
125.1300835609436 9.0
125.4159460067749 8.0
125.68163514137268 9.0
125.96524429321289 10.0
126.22058725357056 14.0
126.47629046440125 11.0
126.7372944355011 11.0
126.9958221912384 11.0
127.2364854812622 11.0
127.50871205329895 16.0
127.76850628852844 13.0
128.0595726966858 14.0
128.3292362689972 14.0
128.5732045173645 13.0
128.8468041419983 21.0
129.07955384254456 14.0
129.33112263679504 15.0
129.6249372959137 14.0
129.9233043193817 14.0
130.20540046691895 14.0
130.47609949111938 13.0
130.6938898563385 14.0
130.98271775245667 13.0
131.23895740509033 13.0
131.51231384277344 24.0
131.78501176834106 15.0
132.03634023666382 14.0
132.27453231811523 15.0
132.46158742904663 15.0
132.70206093788147 24.0
132.9650321006775 15.0
133.23564910888672 16.0
133.5171616077423 16.0
134.1478569507599 18.0
134.33207893371582 27.0
134.57555198669434 30.0
134.91346311569214 30.0
135.19072461128235 34.0
135.45073437690735 36.0
135.70589685440063 38.0
