1.664018154144287 -78.0
1.8851003646850586 -78.0
2.0682051181793213 -78.0
2.462846040725708 -77.0
2.6558821201324463 -78.0
2.892890214920044 -78.0
3.1417083740234375 -79.0
3.3814358711242676 -93.0
4.093522310256958 -27.0
4.335309028625488 0.0
4.569427013397217 23.0
4.812296390533447 21.0
5.066499710083008 23.0
5.3081910610198975 22.0
5.613771915435791 15.0
5.978264331817627 15.0
6.222142934799194 13.0
6.459157943725586 12.0
6.807304382324219 10.0
7.09764838218689 8.0
7.3771538734436035 10.0
7.73242449760437 11.0
8.079314470291138 13.0
8.428049564361572 16.0
8.760533809661865 15.0
9.301995515823364 11.0
9.608533143997192 12.0
9.901523113250732 4.0
10.21726131439209 10.0
10.55313515663147 9.0
10.87948727607727 7.0
11.16049599647522 6.0
11.457231760025024 6.0
11.801465511322021 4.0
12.108811855316162 1.0
12.409436225891113 0.0
12.702874183654785 0.0
13.052608251571655 3.0
13.34505844116211 -5.0
13.663609266281128 5.0
13.944943904876709 5.0
14.303766965866089 6.0
14.616591930389404 5.0
15.216734647750854 8.0
15.560059547424316 9.0
15.854341506958008 14.0
16.157360553741455 8.0
16.456212043762207 7.0
16.752700567245483 7.0
17.10248303413391 5.0
17.40505886077881 4.0
18.661377668380737 0.0
18.955596446990967 1.0
19.26256775856018 -3.0
19.609712839126587 -9.0
19.904954195022583 -23.0
20.505772829055786 -28.0
20.84915781021118 -33.0
21.16136622428894 -39.0
34.06974458694458 -71.0
34.30751132965088 -82.0
34.54883170127869 -88.0
34.906851053237915 -90.0
35.20813775062561 -96.0
35.50687503814697 -101.0
35.82524871826172 -101.0
36.188464879989624 -102.0
36.54263353347778 -103.0
36.87798070907593 -102.0
37.11677122116089 -91.0
37.39584732055664 -80.0
37.70362329483032 -79.0
38.00107502937317 -90.0
38.29511594772339 -93.0
38.650554180145264 -89.0
38.9419960975647 -89.0
39.30245923995972 -93.0
39.69375419616699 -58.0
39.9405312538147 -33.0
40.20540952682495 9.0
40.47916316986084 49.0
40.78365230560303 32.0
41.14141082763672 74.0
41.45720195770264 99.0
41.76158404350281 119.0
42.031538009643555 135.0
42.35765886306763 102.0
42.73850727081299 95.0
42.99552941322327 90.0
43.294968366622925 118.0
43.60558247566223 116.0
43.95471501350403 115.0
44.25337505340576 116.0
44.555866718292236 88.0
44.85436153411865 85.0
45.49622917175293 83.0
45.794477462768555 35.0
46.083252906799316 15.0
46.452298641204834 18.0
46.73525547981262 23.0
47.04861235618591 29.0
47.31281757354736 32.0
47.66316294670105 32.0
47.951881885528564 37.0
48.249611139297485 36.0
48.555729389190674 36.0
48.903751373291016 34.0
49.242074966430664 32.0
49.54432654380798 32.0
49.844213008880615 33.0
50.20180630683899 33.0
50.48626518249512 34.0
50.77441358566284 33.0
51.09344816207886 31.0
51.444995641708374 31.0
51.74820685386658 27.0
52.04144883155823 27.0
52.3454749584198 27.0
52.69807028770447 31.0
52.99408149719238 34.0
53.291810274124146 37.0
53.599496364593506 35.0
