15.411771297454834 99.0
17.973596334457397 18.0
18.232650995254517 12.0
18.499290704727173 12.0
18.756577491760254 2.0
19.026310682296753 -28.0
19.29281258583069 -28.0
19.536819458007812 -28.0
19.794147491455078 -27.0
20.05154037475586 3.0
20.322919845581055 3.0
20.57933473587036 -25.0
20.821916103363037 -25.0
21.06921648979187 -24.0
21.327763319015503 -25.0
21.569235801696777 -25.0
21.8231463432312 -25.0
22.06010627746582 -26.0
22.3081111907959 -26.0
22.558621644973755 -26.0
22.80865168571472 -26.0
23.05094027519226 -24.0
23.284355640411377 -22.0
23.480579376220703 -22.0
23.662617444992065 -22.0
23.853589296340942 -20.0
24.06177282333374 -20.0
24.39989447593689 -20.0
24.681434869766235 -20.0
24.91286325454712 -19.0
25.174559831619263 -18.0
25.43740177154541 -18.0
25.661212921142578 -18.0
25.905490398406982 -18.0
26.17614984512329 -19.0
26.44446611404419 -19.0
26.7062726020813 -19.0
26.96470069885254 -19.0
27.210649013519287 -17.0
27.4435977935791 -16.0
27.717130661010742 -11.0
27.948179483413696 -9.0
28.19176483154297 -7.0
28.427271842956543 -3.0
28.635621786117554 0.0
28.878345727920532 2.0
29.061564207077026 2.0
29.242599725723267 8.0
29.42712116241455 9.0
29.605079650878906 11.0
29.85812759399414 10.0
30.1464204788208 17.0
30.401945114135742 19.0
30.644125938415527 19.0
30.93935537338257 17.0
31.191980123519897 23.0
31.49835443496704 26.0
31.796836614608765 23.0
32.0392746925354 29.0
32.288551807403564 30.0
32.56271314620972 34.0
32.80534052848816 32.0
33.046306133270264 63.0
33.308361530303955 33.0
33.57932949066162 34.0
33.83050489425659 37.0
34.081467628479004 61.0
34.35400438308716 63.0
34.618210792541504 39.0
34.86270618438721 34.0
35.106257915496826 36.0
35.36271810531616 64.0
35.60864210128784 59.0
36.09791612625122 35.0
36.35499453544617 36.0
36.59713530540466 63.0
37.07934021949768 37.0
37.35960555076599 36.0
37.667420387268066 37.0
37.87165951728821 38.0
38.122246742248535 38.0
38.363404512405396 37.0
38.64350199699402 37.0
38.8923065662384 37.0
39.13817262649536 43.0
39.39453196525574 57.0
39.62130331993103 37.0
39.8668737411499 36.0
40.10833382606506 57.0
40.35625100135803 37.0
40.63136124610901 36.0
40.876277446746826 37.0
41.07786798477173 36.0
41.32229232788086 37.0
41.56643891334534 38.0
41.83619451522827 37.0
42.072442054748535 38.0
42.318777322769165 37.0
42.58301091194153 39.0
42.85088276863098 44.0
43.09481167793274 39.0
43.32656502723694 39.0
43.54455065727234 61.0
43.75882530212402 62.0
43.967411279678345 62.0
44.18155574798584 62.0
44.40179228782654 62.0
44.67429304122925 60.0
44.951228618621826 62.0
45.19844365119934 61.0
45.41746973991394 65.0
45.651368618011475 86.0
45.924349308013916 73.0
46.645078897476196 57.0
46.90225076675415 55.0
47.41777276992798 48.0
47.64299273490906 27.0
47.88178563117981 25.0
48.12375092506409 22.0
48.37980341911316 20.0
48.63652467727661 17.0
48.88501000404358 19.0
49.1230890750885 15.0
49.376765727996826 12.0
49.62685441970825 7.0
49.871137380599976 1.0
50.102256059646606 1.0
50.63697528839111 -1.0
50.87211751937866 1.0
51.107627630233765 -3.0
51.36792016029358 -5.0
51.6209933757782 1.0
51.82986831665039 -2.0
52.076091289520264 1.0
52.288832664489746 2.0
52.52544713020325 4.0
52.763376235961914 10.0
53.50051212310791 17.0
53.92007231712341 27.0
54.17952275276184 32.0
55.65771436691284 43.0
56.1562225818634 47.0
56.62558436393738 54.0
56.861167192459106 52.0
57.11529564857483 57.0
57.55970573425293 62.0
58.009352922439575 65.0
58.253520488739014 71.0
58.63763165473938 74.0
58.88097596168518 75.0
59.12516260147095 79.0
59.33255314826965 75.0
59.783552169799805 73.0
60.01345443725586 76.0
60.20200300216675 78.0
60.44346332550049 78.0
60.8819682598114 76.0
61.07621717453003 77.0
61.311487913131714 79.0
61.543901205062866 77.0
61.796443939208984 76.0
62.03250861167908 75.0
62.21964764595032 77.0
62.43519902229309 83.0
63.09471607208252 89.0
63.27397966384888 92.0
63.45947480201721 91.0
66.34264492988586 77.0
68.13813185691833 18.0
68.39147996902466 14.0
68.62656831741333 12.0
68.81113934516907 15.0
69.01370453834534 21.0
69.20415306091309 25.0
69.43190336227417 31.0
69.65014433860779 26.0
69.8927674293518 51.0
70.13215970993042 53.0
70.34625244140625 30.0
70.59835410118103 33.0
70.83732056617737 27.0
71.06682109832764 50.0
71.25238966941833 33.0
71.4944498538971 56.0
71.69272065162659 55.0
71.93236374855042 58.0
72.17173981666565 98.0
72.42306876182556 98.0
72.6683669090271 65.0
72.91245412826538 66.0
73.14088034629822 98.0
73.370436668396 98.0
73.61437487602234 98.0
73.87902545928955 98.0
74.37233519554138 98.0
74.6524395942688 98.0
74.90553617477417 98.0
81.0224220752716 28.0
81.2541913986206 26.0
81.4541883468628 26.0
81.65642309188843 25.0
81.85369229316711 28.0
82.03565287590027 49.0
82.25220942497253 51.0
82.47822451591492 54.0
82.73316860198975 58.0
82.97894334793091 98.0
83.23812580108643 98.0
83.52355766296387 57.0
84.2483286857605 98.0
84.74334454536438 98.0
85.00674939155579 98.0
85.26127457618713 98.0
85.52259182929993 98.0
87.29085183143616 99.0
88.5832748413086 99.0
95.57902193069458 62.0
95.85234236717224 64.0
96.0875916481018 63.0
96.34285807609558 65.0
99.25099229812622 98.0
99.48321580886841 99.0
99.71233749389648 101.0
99.90528964996338 100.0
103.6787896156311 98.0
104.85987377166748 98.0
105.06677222251892 98.0
105.30366230010986 49.0
105.5098991394043 98.0
107.15916633605957 96.0
107.60322833061218 94.0
107.82225751876831 93.0
108.01263046264648 87.0
108.50200295448303 52.0
108.74872899055481 73.0
108.98823857307434 69.0
109.22094488143921 42.0
109.45297956466675 41.0
109.9378457069397 57.0
110.74673342704773 37.0
110.9276487827301 30.0
111.35815978050232 15.0
111.58020806312561 7.0
111.79353713989258 24.0
111.97720837593079 24.0
112.15878653526306 17.0
112.40657758712769 17.0
112.64071607589722 3.0
112.8467435836792 4.0
113.08624982833862 4.0
113.32302737236023 5.0
113.55975270271301 7.0
113.80420279502869 7.0
114.04917979240417 6.0
114.29269528388977 6.0
114.53541445732117 8.0
114.7749400138855 9.0
115.0163061618805 11.0
115.2742748260498 10.0
115.51465129852295 11.0
115.74750757217407 14.0
115.96908974647522 16.0
116.15545892715454 17.0
116.3402419090271 19.0
116.52098870277405 -2.0
116.72776484489441 -3.0
116.97844171524048 1.0
117.23555612564087 3.0
117.47274494171143 6.0
117.71130180358887 8.0
117.92079901695251 9.0
118.15204191207886 9.0
118.38868641853333 4.0
118.61838173866272 6.0
118.80232810974121 13.0
118.98546051979065 6.0
119.17934989929199 2.0
119.41301488876343 2.0
119.65740752220154 2.0
119.8842613697052 2.0
120.11499905586243 4.0
120.34627223014832 3.0
120.57902002334595 4.0
120.81149315834045 7.0
121.04520297050476 7.0
121.28543424606323 7.0
121.52489352226257 7.0
121.76229286193848 7.0
121.96816349029541 15.0
122.1507830619812 13.0
122.33554768562317 10.0
122.52137851715088 11.0
122.73773288726807 19.0
122.92066073417664 20.0
123.16056060791016 16.0
123.40411686897278 22.0
123.64221024513245 33.0
123.88779163360596 33.0
124.12412428855896 35.0
124.36230659484863 36.0
124.61753225326538 34.0
124.85084509849548 37.0
125.08269357681274 36.0
125.31367826461792 36.0
125.5430281162262 36.0
125.78857493400574 46.0
126.03104543685913 48.0
126.27079916000366 35.0
126.53336763381958 51.0
126.80301094055176 34.0
127.0351300239563 53.0
127.23612523078918 53.0
127.49108171463013 52.0
127.68522238731384 51.0
127.95510268211365 48.0
128.21034049987793 46.0
128.4619972705841 45.0
128.70196390151978 46.0
128.93870997428894 44.0
129.18331623077393 33.0
129.4273819923401 26.0
129.61278629302979 27.0
129.8280119895935 30.0
130.0076916217804 30.0
130.24514889717102 31.0
130.4987964630127 30.0
130.7531967163086 29.0
131.02014422416687 30.0
131.277090549469 28.0
133.92650628089905 -12.0
142.91390085220337 -82.0
143.15764546394348 -82.0
143.37136101722717 -82.0
143.62913298606873 -82.0
144.84946942329407 -81.0
146.672434091568 -68.0
146.9320092201233 -67.0
147.1796269416809 -65.0
149.89109206199646 2.0
150.06630873680115 2.0
150.25521087646484 8.0
150.5129041671753 21.0
150.82126474380493 25.0
151.06371235847473 3.0
151.3067307472229 21.0
151.55865359306335 7.0
151.82742953300476 4.0
152.0960726737976 16.0
152.3769896030426 7.0
152.60324239730835 3.0
152.84095430374146 3.0
153.08658027648926 22.0
153.34789943695068 23.0
153.60582947731018 3.0
153.8460066318512 21.0
154.05905294418335 3.0
154.25392508506775 19.0
154.46125531196594 3.0
154.64928555488586 21.0
154.87822461128235 21.0
155.15405750274658 2.0
155.4201819896698 2.0
155.68260192871094 4.0
155.98160529136658 18.0
156.26840686798096 20.0
156.509206533432 12.0
156.78839826583862 20.0
157.0473427772522 16.0
157.31497526168823 6.0
157.5616331100464 22.0
157.8334605693817 4.0
158.0710813999176 21.0
158.34759759902954 7.0
158.57451605796814 3.0
158.82505798339844 20.0
159.16780710220337 4.0
159.41629076004028 21.0
159.65565824508667 5.0
159.887592792511 9.0
160.1446373462677 17.0
160.36236262321472 17.0
160.59045696258545 20.0
160.775554895401 20.0
161.04827094078064 25.0
161.32769441604614 20.0
161.5928978919983 18.0
161.79809427261353 18.0
162.00678515434265 16.0
162.27629280090332 0.0
162.55078434944153 14.0
162.82055115699768 8.0
163.05454111099243 6.0
163.29813361167908 7.0
163.51499438285828 1.0
163.7013282775879 -2.0
163.93488240242004 6.0
164.1686692237854 0.0
164.37399649620056 11.0
164.56896686553955 1.0
164.74717092514038 7.0
164.93118953704834 13.0
165.13822031021118 11.0
165.37243556976318 11.0
165.60389924049377 5.0
165.81329560279846 5.0
165.99478101730347 4.0
166.17752194404602 5.0
166.36115622520447 4.0
166.544438123703 2.0
166.72576689720154 6.0
166.9726276397705 7.0
167.21039056777954 7.0
167.4413754940033 6.0
167.62808775901794 6.0
167.81027245521545 7.0
167.99405002593994 8.0
168.17562413215637 7.0
168.38620734214783 0.0
168.64087796211243 -2.0
168.8765857219696 -2.0
169.0820186138153 3.0
169.3335256576538 -1.0
169.58103823661804 2.0
169.84173917770386 1.0
170.04201483726501 1.0
170.23021006584167 -11.0
170.4910442829132 -15.0
170.72943234443665 -5.0
170.97121167182922 -3.0
171.20873880386353 -14.0
171.45427775382996 -15.0
171.7050497531891 -12.0
171.9168083667755 -7.0
172.19546508789062 -3.0
172.47927737236023 -4.0
172.77607131004333 -7.0
173.04649710655212 -15.0
173.3233778476715 -8.0
173.65930461883545 -8.0
173.95832014083862 -7.0
174.2414689064026 -8.0
174.50476360321045 -8.0
174.7905876636505 -8.0
175.05507278442383 -8.0
175.33419370651245 -6.0
175.6036422252655 -6.0
175.86999988555908 -7.0
176.058602809906 -7.0
176.3057382106781 -9.0
176.55595326423645 -9.0
176.81958603858948 -7.0
177.2061939239502 -8.0
177.5371799468994 -7.0
177.8204369544983 -10.0
178.07513046264648 -9.0
178.33244967460632 -8.0
178.6250410079956 -11.0
178.8903453350067 -11.0
179.11562514305115 -13.0
179.36845541000366 -14.0
179.64602136611938 -17.0
179.91103053092957 -17.0
180.15707182884216 -18.0
180.42480278015137 -13.0
180.6949977874756 -13.0
181.30752062797546 -17.0
181.56696200370789 -18.0
181.8341314792633 -17.0
182.0861418247223 -19.0
182.27915811538696 -17.0
182.46493649482727 -16.0
182.855327129364 -18.0
229.8980302810669 -97.0
230.36673712730408 -97.0
230.60314464569092 -98.0
231.08378338813782 -98.0
231.31169390678406 -98.0
232.18654012680054 -98.0
232.3665270805359 -98.0
232.55135869979858 -98.0
232.73157739639282 -97.0
234.73419427871704 -48.0
234.96378135681152 -44.0
235.19781351089478 -42.0
235.39015245437622 -39.0
235.616108417511 -30.0
235.79576563835144 -26.0
235.99704909324646 -24.0
236.1993224620819 -21.0
236.40682768821716 -9.0
236.64342403411865 -9.0
236.87370133399963 -15.0
237.10305428504944 -4.0
237.3401734828949 -2.0
237.58042526245117 1.0
237.7992308139801 2.0
237.99347829818726 4.0
238.19626450538635 5.0
238.39789628982544 1.0
238.62996196746826 2.0
238.8598268032074 9.0
239.08667516708374 15.0
239.31755566596985 16.0
239.54566049575806 17.0
239.77506494522095 -14.0
240.00585460662842 16.0
240.19750690460205 17.0
240.37699818611145 16.0
240.5605170726776 19.0
240.79763531684875 17.0
241.0189242362976 18.0
241.1964168548584 16.0
241.38044667243958 4.0
241.5778684616089 11.0
241.79944491386414 2.0
242.0351586341858 16.0
242.25952172279358 2.0
242.4975037574768 7.0
242.73453330993652 7.0
242.970472574234 11.0
243.2043900489807 8.0
243.4365017414093 0.0
243.6758852005005 -7.0
243.9126832485199 -10.0
244.1462368965149 -7.0
244.37337589263916 -16.0
244.60388612747192 -22.0
244.8067286014557 -18.0
245.0446743965149 -21.0
245.28212141990662 -26.0
245.50985503196716 -31.0
245.74534559249878 -33.0
245.9840168952942 -36.0
246.21777892112732 -45.0
246.4495198726654 -47.0
246.71856808662415 -48.0
246.95846962928772 -50.0
247.16251802444458 -52.0
247.34611558914185 -54.0
247.52699971199036 -56.0
247.71113419532776 -57.0
247.8909010887146 -62.0
248.1310329437256 -64.0
248.36598563194275 -63.0
249.01781749725342 -70.0
249.27303385734558 -71.0
249.52816820144653 -72.0
249.76347160339355 -74.0
250.01414442062378 -77.0
250.27598476409912 -78.0
254.61794686317444 -28.0
255.38188099861145 9.0
255.61610746383667 5.0
255.8325560092926 4.0
256.0457053184509 4.0
256.3027596473694 4.0
256.54827070236206 -1.0
256.7896213531494 3.0
257.0452358722687 2.0
257.2996573448181 2.0
257.5186245441437 -5.0
257.70883774757385 -1.0
257.88784170150757 -4.0
258.1311810016632 2.0
258.395715713501 2.0
258.6365804672241 -5.0
258.8728606700897 -3.0
259.10500931739807 -6.0
259.36940836906433 -4.0
259.6481099128723 -8.0
259.8873734474182 -9.0
260.1195402145386 -5.0
260.312851190567 -17.0
260.5095965862274 -10.0
260.77069211006165 -9.0
261.01912474632263 -10.0
261.2789628505707 -9.0
261.53401947021484 -12.0
261.8016948699951 -10.0
262.06848335266113 -10.0
262.27686524391174 -11.0
262.457594871521 -11.0
262.64188718795776 -14.0
262.8254144191742 -11.0
263.0627534389496 -17.0
263.316778421402 -18.0
263.50972032546997 -18.0
263.73819494247437 -18.0
263.9965965747833 -25.0
264.269118309021 -21.0
264.5470290184021 -24.0
264.8165442943573 -26.0
265.0512685775757 -26.0
265.28294229507446 -24.0
265.52280163764954 -18.0
265.7422847747803 -23.0
265.97707438468933 -25.0
266.2021915912628 -22.0
266.4339804649353 -23.0
266.6545491218567 -23.0
266.943021774292 -17.0
267.1463270187378 -18.0
267.3281509876251 -19.0
267.52284836769104 -19.0
267.7459156513214 -19.0
267.9741530418396 -23.0
268.2356743812561 -23.0
268.47187876701355 -23.0
268.70612955093384 -22.0
268.9694752693176 -20.0
269.2583110332489 -23.0
269.4997503757477 -24.0
269.75021719932556 -22.0
270.0302987098694 -23.0
270.23694229125977 -23.0
270.4780869483948 -18.0
270.7227566242218 -23.0
270.9434094429016 -25.0
271.1475281715393 -21.0
271.32341265678406 -21.0
271.51110577583313 -21.0
271.7630236148834 -23.0
271.9871618747711 -21.0
272.23673844337463 -21.0
272.42870807647705 -21.0
272.70664167404175 -21.0
272.94307947158813 -23.0
273.1378800868988 -21.0
273.36734557151794 -21.0
273.6214563846588 -22.0
273.9088969230652 -21.0
274.167111158371 -21.0
274.39683055877686 -21.0
274.6573886871338 -22.0
274.9143223762512 -22.0
275.153427362442 -23.0
275.3974404335022 -23.0
275.65407538414 -23.0
275.88455390930176 -23.0
276.0671458244324 -22.0
276.30484437942505 -22.0
276.5459578037262 -22.0
276.78946256637573 -22.0
277.00450801849365 -22.0
277.1875829696655 -22.0
277.36951446533203 -21.0
277.5503294467926 -21.0
277.779146194458 -21.0
278.0412006378174 -21.0
278.29568791389465 -21.0
278.554172039032 -21.0
278.7951261997223 -21.0
279.03170251846313 -21.0
279.25165700912476 -21.0
279.49553775787354 -21.0
279.6857023239136 -21.0
279.9295938014984 -21.0
280.1666350364685 -21.0
280.41395902633667 -20.0
280.6594512462616 -21.0
280.8990864753723 -22.0
281.1104164123535 -20.0
281.3481402397156 -23.0
281.59077739715576 -26.0
281.8299252986908 -27.0
282.0383756160736 -27.0
282.2219078540802 -26.0
282.4042875766754 -24.0
282.6424102783203 -23.0
282.83725786209106 -9.0
283.01375222206116 -15.0
283.2107255458832 -10.0
