1.6688075065612793 71.0
1.8772597312927246 71.0
2.0603671073913574 73.0
2.254305601119995 72.0
2.448627471923828 71.0
2.648158550262451 70.0
3.030176877975464 69.0
3.2940242290496826 65.0
3.563336133956909 75.0
4.114104747772217 39.0
4.354707956314087 14.0
4.594086647033691 -21.0
4.834650278091431 -2.0
5.07489538192749 23.0
5.320767641067505 7.0
5.551898241043091 -14.0
5.804657459259033 -37.0
6.056190013885498 -70.0
6.292340278625488 -43.0
7.545424938201904 -6.0
7.890794992446899 -12.0
8.147332668304443 -2.0
8.430386304855347 5.0
8.740622520446777 33.0
9.031677007675171 41.0
9.337091445922852 39.0
9.684770107269287 51.0
10.004689931869507 54.0
10.339676856994629 65.0
10.698885679244995 72.0
11.050092220306396 83.0
11.301759958267212 64.0
11.55380654335022 57.0
11.837830305099487 35.0
12.202331066131592 17.0
12.471364259719849 32.0
12.784996271133423 43.0
13.107438564300537 26.0
13.380627393722534 1.0
13.73994755744934 -16.0
14.033986806869507 -28.0
14.330340147018433 -12.0
14.627091407775879 3.0
14.979308605194092 26.0
15.274769067764282 48.0
15.578808546066284 64.0
15.878843784332275 68.0
16.231433391571045 83.0
16.5360746383667 85.0
17.14754366874695 66.0
17.474241018295288 62.0
18.088857889175415 45.0
18.379310607910156 58.0
18.72473454475403 62.0
19.003641366958618 48.0
19.281119346618652 42.0
19.5929217338562 32.0
19.93440318107605 22.0
20.223705053329468 16.0
20.549009084701538 14.0
20.849220037460327 16.0
21.22505521774292 18.0
21.520845651626587 23.0
21.82208275794983 25.0
22.131860733032227 31.0
22.472333908081055 33.0
22.776034832000732 33.0
23.073162317276 35.0
23.348567485809326 32.0
23.716873168945312 28.0
24.02798318862915 25.0
24.32893180847168 22.0
24.623048305511475 23.0
24.971435070037842 22.0
25.27556276321411 23.0
25.575406789779663 24.0
