11.935135126113892 24.0
12.311380863189697 1.0
12.494305610656738 -12.0
12.733570575714111 -10.0
12.957242012023926 -9.0
13.191301822662354 -8.0
13.42242980003357 -8.0
13.599416494369507 -9.0
13.774741649627686 -10.0
13.955867528915405 -12.0
14.139976978302002 -15.0
14.325921058654785 -15.0
14.507683753967285 -13.0
14.686979055404663 -14.0
14.856037378311157 -17.0
15.01315975189209 -17.0
15.19693899154663 -15.0
15.373709440231323 -15.0
15.554049253463745 -16.0
15.737254619598389 -16.0
15.917577743530273 -16.0
16.08845067024231 -16.0
16.273905515670776 -17.0
16.472137212753296 -17.0
16.650220155715942 -15.0
16.825172185897827 -15.0
17.01970911026001 -16.0
17.229740619659424 -15.0
17.470932960510254 -14.0
17.71143126487732 -14.0
17.888400316238403 -14.0
18.069388389587402 -15.0
18.30607271194458 -14.0
18.539753437042236 -14.0
18.776626110076904 -14.0
19.01411247253418 -14.0
19.252976417541504 -14.0
19.486669540405273 -15.0
19.72702145576477 -14.0
19.953203916549683 -14.0
20.18054723739624 -14.0
20.42097496986389 -14.0
20.612306118011475 -9.0
20.844505548477173 -2.0
21.040794610977173 1.0
21.229530811309814 -1.0
21.459747076034546 1.0
21.683505058288574 7.0
21.871289014816284 9.0
22.05076813697815 11.0
22.23132848739624 15.0
22.4104905128479 15.0
22.638643980026245 18.0
22.877485275268555 19.0
23.117252111434937 19.0
23.31180453300476 24.0
23.496400117874146 25.0
23.73020362854004 25.0
23.9248263835907 26.0
24.104039192199707 32.0
24.281975746154785 33.0
24.50239372253418 33.0
24.72041940689087 32.0
24.919832944869995 57.0
25.127838134765625 57.0
25.367772102355957 59.0
25.599366188049316 59.0
25.79003143310547 39.0
26.217564344406128 97.0
26.620072841644287 97.0
26.852808475494385 96.0
27.09008502960205 98.0
27.323673248291016 98.0
27.552054166793823 98.0
27.737617254257202 98.0
27.91834545135498 98.0
28.14796257019043 98.0
28.330768823623657 98.0
28.513806104660034 95.0
28.68351912498474 97.0
28.860060453414917 97.0
29.018150329589844 44.0
29.20517134666443 96.0
29.380085945129395 98.0
29.582093954086304 43.0
29.769951343536377 97.0
29.995408058166504 46.0
30.181936502456665 98.0
30.362863540649414 42.0
30.543065309524536 97.0
30.726972579956055 94.0
30.91068720817566 44.0
31.094655990600586 92.0
31.27769899368286 91.0
31.45878314971924 97.0
31.68490219116211 98.0
32.05113935470581 96.0
32.429465532302856 95.0
32.665979862213135 94.0
32.89163541793823 95.0
33.1234917640686 93.0
33.324089765548706 96.0
33.55438804626465 93.0
34.00120568275452 61.0
34.18093824386597 62.0
34.36486601829529 60.0
34.56157994270325 60.0
34.91789221763611 62.0
35.2635703086853 61.0
35.43901014328003 59.0
35.7844614982605 59.0
36.30250382423401 60.0
36.47448968887329 39.0
36.66312551498413 40.0
36.89562153816223 39.0
37.07599353790283 39.0
37.308693170547485 39.0
37.718066930770874 40.0
37.892921686172485 60.0
38.07933163642883 40.0
38.30777597427368 59.0
38.66888976097107 42.0
40.56766200065613 85.0
40.792099952697754 84.0
40.9954731464386 86.0
41.3572633266449 84.0
42.72228264808655 67.0
42.95325517654419 89.0
43.12982130050659 88.0
46.55409216880798 66.0
49.10755157470703 64.0
49.35013675689697 61.0
50.48265194892883 56.0
50.714110136032104 56.0
50.91388916969299 41.0
51.09766411781311 33.0
51.28259491920471 31.0
51.464441776275635 29.0
51.69794774055481 33.0
51.93035078048706 32.0
52.11055779457092 50.0
52.298211336135864 52.0
52.592894077301025 53.0
52.82623481750488 53.0
53.06676244735718 43.0
53.306066036224365 52.0
53.54362368583679 52.0
53.734657287597656 54.0
53.923815965652466 54.0
54.10775017738342 55.0
54.2880585193634 55.0
54.46747803688049 55.0
54.64799475669861 55.0
55.2718939781189 57.0
55.910804986953735 57.0
57.567662954330444 40.0
58.50260138511658 30.0
58.73238158226013 29.0
58.96801424026489 27.0
59.40587759017944 22.0
59.62905192375183 20.0
59.859795808792114 24.0
60.23042941093445 24.0
60.53918504714966 19.0
60.71900916099548 19.0
61.28207063674927 21.0
61.45345401763916 19.0
61.640191316604614 20.0
62.71417760848999 26.0
62.95095610618591 24.0
63.18251609802246 23.0
63.38630962371826 25.0
63.609224796295166 31.0
63.85759496688843 25.0
64.08743119239807 29.0
64.33000135421753 28.0
64.50964283943176 28.0
64.69104409217834 29.0
64.9147081375122 31.0
65.11866164207458 33.0
65.36060810089111 56.0
65.55454850196838 56.0
65.9685411453247 57.0
66.14487361907959 58.0
66.32728719711304 63.0
66.56130266189575 62.0
66.78957438468933 74.0
67.01271796226501 76.0
67.25628924369812 77.0
67.47319841384888 80.0
67.65492987632751 83.0
67.88598418235779 80.0
69.54965829849243 90.0
69.77506303787231 90.0
71.32359552383423 103.0
89.8022837638855 102.0
90.16619038581848 99.0
91.09473872184753 98.0
91.27592253684998 98.0
91.49953031539917 98.0
91.6888427734375 97.0
94.18871521949768 38.0
94.3684139251709 36.0
94.54590916633606 34.0
94.72920441627502 31.0
94.91264653205872 30.0
95.09313011169434 28.0
95.26927518844604 25.0
95.44656419754028 24.0
95.62723445892334 22.0
95.80912065505981 23.0
96.83664965629578 16.0
97.0169198513031 16.0
97.20254945755005 17.0
97.36278414726257 17.0
97.51449036598206 17.0
97.67267298698425 19.0
97.82480478286743 18.0
98.0080099105835 18.0
98.18214845657349 19.0
99.86529779434204 24.0
100.10430693626404 25.0
101.20035815238953 25.0
101.38910293579102 26.0
101.62917017936707 26.0
101.81288576126099 27.0
102.00942492485046 25.0
102.40978741645813 22.0
102.63169169425964 21.0
102.85993528366089 23.0
103.05093431472778 23.0
103.23293375968933 25.0
103.47365188598633 25.0
103.70517420768738 31.0
106.44339895248413 52.0
106.6729724407196 55.0
107.25091314315796 59.0
107.45544815063477 59.0
107.62841749191284 59.0
107.82252383232117 51.0
108.0060338973999 58.0
108.41725850105286 34.0
108.64986371994019 43.0
108.88602995872498 57.0
109.11945676803589 41.0
109.30017924308777 33.0
109.48793387413025 33.0
109.74560976028442 33.0
109.971444606781 50.0
110.15600895881653 31.0
110.33260416984558 31.0
110.51129245758057 32.0
110.6866512298584 31.0
110.87013864517212 34.0
111.04969096183777 32.0
111.22970628738403 33.0
111.41516494750977 32.0
111.59218692779541 33.0
111.77289962768555 34.0
111.94961762428284 34.0
112.18130373954773 34.0
112.5711076259613 37.0
112.75097966194153 37.0
112.93170881271362 37.0
113.11441564559937 37.0
113.34811425209045 36.0
113.58325123786926 37.0
113.76804232597351 37.0
113.95085883140564 37.0
114.1290054321289 37.0
114.30286908149719 37.0
114.48400521278381 37.0
114.65969467163086 39.0
114.83727025985718 37.0
115.0192346572876 37.0
115.23126196861267 38.0
115.66196155548096 39.0
115.84230828285217 38.0
116.0783531665802 39.0
116.31829929351807 38.0
116.50600576400757 38.0
116.68992733955383 39.0
116.86492109298706 61.0
117.03328704833984 37.0
117.19765710830688 37.0
117.39226055145264 38.0
117.58082962036133 62.0
117.7736668586731 37.0
117.95404696464539 37.0
118.18716764450073 59.0
118.42001175880432 36.0
118.6225278377533 36.0
118.80645966529846 36.0
118.9866931438446 36.0
119.16759014129639 35.0
119.40372228622437 35.0
119.63468790054321 53.0
119.85617089271545 36.0
120.03683423995972 34.0
120.21740818023682 35.0
120.38879704475403 33.0
120.61233854293823 32.0
120.79703259468079 32.0
120.99464654922485 31.0
121.23390793800354 31.0
121.46841716766357 31.0
121.71108841896057 28.0
121.95531177520752 30.0
122.19370532035828 28.0
122.41813325881958 27.0
122.6438353061676 26.0
122.84191799163818 27.0
123.02356958389282 24.0
123.25418829917908 24.0
123.43428444862366 25.0
123.61720085144043 24.0
123.7965145111084 13.0
123.98152470588684 11.0
125.06277418136597 4.0
125.25088930130005 14.0
125.63120317459106 13.0
126.41044473648071 7.0
126.5924665927887 8.0
127.30418586730957 0.0
127.48423099517822 -2.0
127.65994882583618 -4.0
128.93988680839539 -11.0
129.14093899726868 -13.0
129.32442116737366 -14.0
129.50509405136108 -23.0
129.7349214553833 -14.0
129.96933960914612 -15.0
130.15157651901245 -16.0
130.34331893920898 -17.0
130.59006094932556 -28.0
130.8230164051056 -18.0
131.0471887588501 -19.0
131.27663207054138 -19.0
131.5045382976532 -20.0
131.73372173309326 -22.0
131.96890020370483 -22.0
132.20334339141846 -35.0
132.63287138938904 -37.0
132.86818623542786 -39.0
133.10752606391907 -38.0
133.28616952896118 -39.0
133.478839635849 -40.0
133.70665907859802 -41.0
133.9312059879303 -42.0
134.1560571193695 -42.0
134.3872950077057 -26.0
134.56750750541687 -44.0
134.76409912109375 -45.0
134.9411473274231 -47.0
135.1743016242981 -47.0
135.40385794639587 -49.0
135.61854910850525 -49.0
135.79491329193115 -50.0
135.9718942642212 -50.0
136.20791625976562 -51.0
136.39293384552002 -51.0
136.61301398277283 -51.0
136.80611109733582 -54.0
136.9934582710266 -54.0
137.1800093650818 -53.0
137.36514449119568 -52.0
137.5187532901764 -51.0
137.67573046684265 -51.0
137.854074716568 -51.0
138.02048468589783 -50.0
138.19807887077332 -50.0
138.3789484500885 -49.0
138.55838084220886 -49.0
138.79082250595093 -50.0
138.97797536849976 -49.0
139.15651440620422 -49.0
139.33902859687805 -48.0
139.54147791862488 -48.0
139.76818370819092 -48.0
139.99946880340576 -48.0
140.23552083969116 -48.0
140.47164368629456 -48.0
140.67309474945068 -47.0
140.9086630344391 -47.0
141.15158581733704 -47.0
141.38688325881958 -47.0
141.6217224597931 -46.0
141.85106444358826 -46.0
142.0817105770111 -46.0
142.29989671707153 -45.0
142.48362278938293 -44.0
142.78008031845093 -43.0
143.0127182006836 -43.0
143.24804019927979 -43.0
143.48392367362976 -42.0
143.7044506072998 -41.0
143.88746237754822 -41.0
144.11112666130066 -40.0
144.28525924682617 -39.0
144.46245312690735 -37.0
144.63984298706055 -37.0
144.82166647911072 -36.0
145.0062291622162 -35.0
145.55001378059387 -32.0
145.77642917633057 -30.0
146.00425243377686 -30.0
146.38411283493042 -28.0
146.56557273864746 -25.0
147.02695322036743 -12.0
147.50007677078247 -20.0
147.73137640953064 -19.0
147.94349813461304 -18.0
148.11588788032532 -16.0
148.30129957199097 -12.0
148.49327683448792 -12.0
148.70723676681519 -11.0
148.9015896320343 -9.0
149.08969712257385 -6.0
149.26876997947693 -5.0
149.44385981559753 -4.0
149.642165184021 -4.0
149.82197046279907 0.0
149.9963665008545 1.0
150.2136471271515 3.0
150.3935375213623 14.0
150.5756275653839 7.0
150.75172090530396 9.0
150.93341183662415 9.0
151.14892554283142 10.0
151.35696244239807 13.0
151.5390145778656 12.0
151.72131609916687 26.0
151.89978766441345 28.0
152.07813119888306 31.0
152.31194639205933 21.0
152.52762913703918 22.0
152.7655005455017 24.0
153.00092029571533 37.0
153.23470902442932 27.0
153.4700529575348 28.0
153.69942116737366 29.0
153.89672112464905 32.0
154.08191561698914 33.0
154.30725073814392 34.0
154.52288842201233 36.0
154.701730966568 37.0
154.87522530555725 38.0
155.08651685714722 39.0
155.53601145744324 54.0
155.76924514770508 44.0
155.94003987312317 44.0
156.137553691864 46.0
156.48971581459045 49.0
156.67213034629822 50.0
156.8481752872467 61.0
157.03213047981262 62.0
157.1995005607605 53.0
157.38773369789124 64.0
157.5627887248993 56.0
157.74598813056946 57.0
157.93058133125305 65.0
158.1537163257599 59.0
158.33804035186768 60.0
158.51373767852783 61.0
158.6968731880188 62.0
158.92910766601562 67.0
159.17449378967285 63.0
159.36520624160767 67.0
159.54133224487305 68.0
159.77697825431824 66.0
160.01431512832642 67.0
160.40744042396545 68.0
160.64522171020508 70.0
160.8734519481659 70.0
161.11124396324158 71.0
161.29201078414917 71.0
161.48427510261536 71.0
161.66545820236206 73.0
161.83811831474304 74.0
168.41542625427246 67.0
168.79864931106567 43.0
169.25161457061768 41.0
169.71034789085388 40.0
169.94133734703064 38.0
170.1707262992859 38.0
170.41129541397095 37.0
170.87263536453247 35.0
171.31852912902832 33.0
182.15310144424438 -98.0
182.33165884017944 -98.0
182.5168001651764 -98.0
184.35212802886963 -98.0
184.99628281593323 -97.0
185.22011375427246 -97.0
185.44903588294983 -97.0
185.67647886276245 -97.0
185.909912109375 -96.0
186.2771430015564 -96.0
186.4531168937683 -96.0
186.80061960220337 -96.0
186.97910594940186 -96.0
187.16131210327148 -96.0
187.35139966011047 -97.0
188.04282188415527 -96.0
188.22557663917542 -95.0
190.28435015678406 -74.0
190.51831221580505 -74.0
190.75481295585632 -74.0
190.93079566955566 -72.0
191.1158571243286 -68.0
191.27386260032654 -71.0
191.43303179740906 -70.0
191.61956024169922 -70.0
191.80367374420166 -70.0
191.9783217906952 -66.0
192.1570234298706 -69.0
192.3947982788086 -68.0
192.63835215568542 -68.0
192.87054181098938 -67.0
193.279527425766 -68.0
193.57849955558777 -68.0
193.81262254714966 -69.0
194.0450849533081 -69.0
194.2723412513733 -68.0
194.73077583312988 -69.0
196.79945874214172 -69.0
196.98771715164185 -68.0
197.72807383537292 -69.0
197.90352964401245 -69.0
198.26999354362488 -69.0
198.45147275924683 -65.0
198.6821427345276 -69.0
199.51500701904297 -65.0
199.69679427146912 -68.0
199.88334608078003 -67.0
200.08662915229797 -67.0
204.4815318584442 -41.0
204.8499116897583 -43.0
218.10047101974487 -2.0
218.33207893371582 -1.0
218.57149696350098 -1.0
218.76938843727112 0.0
218.95910549163818 -25.0
219.13615727424622 0.0
219.32006692886353 0.0
219.51459527015686 -27.0
219.74889731407166 -1.0
219.93385100364685 -1.0
220.1144142150879 -26.0
220.29362773895264 -7.0
220.5254065990448 -29.0
220.76033115386963 -29.0
220.99131441116333 -28.0
221.22583293914795 -28.0
221.45182037353516 -28.0
221.6936535835266 -29.0
221.8902096748352 -27.0
222.0684940814972 -25.0
222.29838180541992 -25.0
222.5299289226532 -27.0
222.71645998954773 -28.0
222.87976169586182 -26.0
223.03966975212097 -27.0
223.21950101852417 -27.0
223.40774202346802 -27.0
223.5883548259735 -27.0
223.74445414543152 -27.0
223.8990879058838 -27.0
224.08283925056458 -27.0
224.26524925231934 -27.0
224.44735550880432 -30.0
224.62572383880615 -28.0
224.86116194725037 -28.0
225.0910665988922 -27.0
225.32317304611206 -27.0
225.55705404281616 -28.0
225.74406337738037 -27.0
225.9252462387085 -28.0
226.1050853729248 -28.0
226.28426432609558 -28.0
226.46729254722595 -28.0
226.6878764629364 -28.0
226.9219033718109 -28.0
227.12210631370544 -28.0
227.31164598464966 -28.0
227.54428815841675 -28.0
227.78209257125854 -28.0
227.9756302833557 -28.0
228.15573477745056 -28.0
228.38473200798035 -28.0
228.59454131126404 -28.0
228.77256727218628 -29.0
229.00577068328857 -25.0
229.25088906288147 -26.0
229.4464626312256 -27.0
229.6278874874115 -28.0
