13.15064811706543 102.0
13.382200479507446 98.0
13.974052429199219 84.0
14.155271053314209 87.0
15.26121711730957 49.0
15.495245456695557 51.0
17.94583559036255 58.0
18.182883501052856 59.0
18.429863214492798 59.0
18.667307376861572 60.0
18.898566246032715 61.0
19.135170936584473 61.0
19.370078563690186 63.0
19.614134311676025 64.0
20.021421670913696 66.0
20.218948125839233 68.0
20.39804482460022 69.0
20.57873010635376 69.0
20.812828540802002 66.0
21.046863794326782 69.0
21.280616283416748 69.0
21.51658844947815 69.0
21.748485803604126 69.0
22.215578317642212 71.0
22.445077419281006 71.0
22.674256801605225 71.0
22.906023740768433 71.0
23.34906315803528 71.0
23.5828218460083 69.0
23.75625205039978 70.0
23.90997624397278 69.0
24.083069562911987 69.0
24.232959747314453 71.0
24.395167589187622 67.0
24.572856664657593 68.0
24.75966787338257 67.0
24.964829921722412 66.0
25.144826650619507 65.0
25.325632095336914 67.0
25.500941276550293 72.0
25.67661762237549 71.0
26.03626585006714 78.0
26.2312970161438 77.0
26.408263444900513 79.0
26.610511541366577 80.0
26.968451738357544 86.0
27.150704622268677 83.0
27.36552882194519 80.0
27.63452911376953 83.0
27.88440752029419 76.0
28.135319709777832 84.0
28.37371516227722 81.0
28.595298528671265 82.0
28.841209888458252 83.0
29.30368423461914 83.0
29.499756336212158 81.0
29.710726976394653 81.0
29.96801209449768 81.0
30.215031623840332 75.0
30.402369499206543 81.0
30.601740837097168 80.0
30.84881591796875 79.0
31.070881605148315 80.0
31.252196788787842 75.0
31.450106143951416 78.0
31.71991539001465 79.0
32.06242227554321 78.0
32.331085205078125 80.0
32.88293981552124 79.0
33.17170572280884 79.0
33.460177183151245 78.0
33.772483348846436 79.0
34.05235695838928 77.0
34.33364701271057 79.0
34.59468412399292 77.0
34.87072014808655 77.0
35.145944595336914 78.0
35.42501091957092 75.0
35.708779096603394 72.0
36.00723624229431 72.0
36.31039643287659 73.0
36.60125732421875 71.0
37.119776487350464 72.0
37.373358964920044 73.0
37.6594672203064 77.0
37.92696523666382 77.0
38.447999715805054 79.0
38.710015058517456 81.0
38.96886420249939 83.0
39.21554756164551 84.0
39.71617317199707 87.0
39.97015714645386 87.0
40.22268581390381 88.0
40.48177194595337 90.0
40.982544898986816 98.0
41.22746300697327 98.0
41.4750497341156 98.0
41.72890782356262 98.0
42.9976167678833 98.0
43.5010621547699 98.0
45.30478119850159 64.0
46.10671591758728 64.0
48.657891511917114 58.0
48.919883251190186 63.0
49.18034815788269 64.0
49.96778154373169 66.0
50.50700759887695 98.0
51.24930787086487 97.0
51.483840227127075 98.0
51.73568558692932 98.0
51.9681396484375 98.0
52.40915822982788 98.0
52.64149332046509 98.0
52.88500237464905 98.0
53.12315893173218 98.0
53.86859464645386 98.0
54.10924458503723 98.0
55.44994878768921 99.0
56.37693500518799 99.0
56.60282754898071 99.0
57.13948702812195 99.0
57.386828899383545 99.0
57.74401807785034 101.0
61.007259130477905 99.0
64.44221639633179 98.0
65.21525430679321 98.0
73.87271523475647 98.0
74.25948715209961 99.0
76.22613453865051 99.0
76.72298860549927 99.0
76.96611046791077 99.0
77.2198851108551 100.0
77.47097587585449 100.0
77.71092104911804 99.0
77.93225026130676 98.0
84.27309989929199 36.0
84.51629257202148 32.0
84.75882291793823 46.0
85.26697635650635 23.0
85.57095313072205 24.0
85.83367729187012 31.0
86.09193992614746 29.0
86.42438268661499 30.0
86.72995638847351 30.0
87.03379988670349 32.0
87.31907844543457 32.0
87.57956457138062 30.0
88.11184597015381 33.0
88.40681576728821 33.0
88.6603844165802 30.0
88.87020826339722 33.0
89.25437426567078 34.0
89.4879777431488 35.0
89.7373583316803 34.0
89.98479628562927 34.0
90.2421727180481 35.0
90.50460195541382 53.0
90.75201869010925 54.0
90.99126768112183 57.0
91.23142886161804 57.0
91.46671843528748 59.0
91.70710611343384 58.0
91.94818353652954 57.0
92.18385219573975 58.0
92.42112898826599 58.0
92.65211653709412 59.0
92.88839936256409 61.0
93.13974928855896 63.0
93.37426805496216 64.0
93.62488126754761 64.0
93.87408185005188 68.0
94.24902820587158 73.0
94.4964714050293 78.0
94.74074077606201 80.0
95.08109736442566 67.0
95.39694619178772 73.0
95.64741206169128 73.0
95.88839197158813 74.0
96.13419461250305 73.0
96.40931582450867 66.0
96.72487592697144 70.0
97.01222586631775 70.0
97.27068877220154 70.0
97.62483620643616 70.0
97.90403413772583 68.0
98.20430445671082 64.0
98.47901892662048 62.0
98.69546890258789 63.0
98.94461631774902 62.0
99.21394467353821 61.0
99.46688294410706 59.0
99.71486568450928 61.0
99.95650100708008 62.0
100.20345711708069 62.0
100.46406507492065 57.0
100.71054220199585 56.0
100.95197582244873 57.0
101.18438625335693 55.0
101.3989508152008 55.0
101.62447547912598 54.0
101.90722942352295 51.0
102.18101119995117 49.0
102.46818494796753 27.0
102.71352505683899 25.0
102.95417714118958 26.0
103.15172505378723 24.0
103.3338074684143 23.0
103.56961703300476 24.0
103.81212735176086 18.0
104.04593777656555 20.0
104.23323249816895 13.0
104.52685379981995 13.0
104.72383642196655 9.0
104.90413355827332 9.0
105.10910487174988 14.0
105.38510060310364 11.0
105.63141965866089 13.0
105.82238864898682 15.0
106.00701594352722 17.0
106.20981550216675 19.0
106.44201135635376 18.0
106.62921643257141 17.0
106.86362266540527 18.0
107.09898829460144 18.0
107.35602283477783 21.0
107.6256115436554 19.0
107.86073851585388 22.0
108.08660387992859 21.0
108.27215003967285 24.0
108.46437501907349 27.0
108.70263075828552 26.0
108.95553779602051 25.0
109.13532590866089 24.0
109.31561493873596 25.0
109.49034476280212 28.0
109.72923445701599 26.0
110.00172257423401 29.0
110.2555673122406 30.0
110.49320459365845 32.0
110.73055648803711 34.0
110.96026659011841 35.0
111.18590879440308 35.0
111.42001032829285 32.0
111.68246245384216 37.0
111.93206882476807 37.0
112.19448971748352 32.0
112.4784779548645 34.0
112.7296233177185 34.0
112.98357605934143 53.0
113.24637770652771 57.0
113.46746230125427 52.0
113.67491817474365 33.0
113.90575575828552 33.0
114.14221525192261 33.0
114.40062165260315 35.0
114.66105365753174 34.0
114.9319806098938 34.0
115.19695329666138 33.0
115.46188759803772 32.0
115.66694045066833 34.0
115.90540599822998 33.0
116.14901757240295 34.0
116.38884210586548 34.0
116.64276194572449 34.0
116.90583562850952 35.0
117.14002132415771 33.0
117.37080144882202 33.0
117.66948556900024 32.0
117.93391752243042 31.0
118.23298788070679 33.0
118.49905800819397 31.0
118.75277137756348 30.0
118.99450993537903 30.0
119.23927521705627 30.0
119.48666763305664 29.0
119.7556779384613 28.0
120.02109980583191 27.0
120.27533507347107 27.0
120.53609895706177 26.0
120.79387474060059 28.0
121.04329586029053 26.0
121.3069064617157 26.0
121.54993891716003 26.0
121.80111503601074 23.0
122.10781860351562 24.0
122.3929295539856 22.0
122.66584420204163 19.0
122.95278668403625 17.0
123.25485754013062 20.0
123.51515483856201 20.0
123.7827684879303 14.0
124.03006100654602 14.0
124.29999732971191 17.0
124.5725953578949 16.0
124.85395765304565 17.0
125.13028335571289 14.0
125.41606593132019 14.0
125.68175649642944 15.0
125.96537733078003 10.0
126.22069334983826 11.0
126.4764404296875 7.0
126.73755192756653 7.0
126.99591588973999 7.0
127.23660707473755 6.0
127.50881695747375 6.0
127.7687554359436 5.0
128.0597803592682 4.0
128.32933449745178 4.0
128.57335019111633 5.0
128.8471806049347 4.0
129.07964849472046 4.0
129.33124947547913 3.0
129.62535119056702 1.0
129.92340970039368 4.0
130.20551204681396 1.0
130.47627568244934 2.0
130.69402933120728 1.0
130.9828643798828 2.0
131.23907279968262 3.0
131.51249432563782 -5.0
131.78511667251587 0.0
132.03642892837524 -2.0
132.27463006973267 -2.0
132.46169066429138 0.0
132.70230889320374 -12.0
132.96516942977905 -4.0
133.2357771396637 -7.0
133.51725959777832 -7.0
134.14795398712158 -12.0
134.33217859268188 -12.0
134.5756869316101 -13.0
134.9136848449707 -14.0
135.19083094596863 0.0
135.45082783699036 1.0
135.70601058006287 -5.0
