11.596619129180908 -20.0
11.839096307754517 -22.0
14.114325523376465 -15.0
14.313295841217041 -15.0
14.546806812286377 -34.0
14.78115463256836 -35.0
15.004149436950684 -36.0
15.239477157592773 -36.0
15.470349311828613 -36.0
15.660063028335571 -36.0
15.904600858688354 -37.0
16.142396450042725 -37.0
16.368614673614502 -36.0
16.60238265991211 -22.0
16.835643768310547 -20.0
17.069260597229004 -19.0
17.299960136413574 -20.0
17.52792239189148 -21.0
17.723082304000854 -40.0
17.95149874687195 -41.0
18.162768125534058 -41.0
18.344929456710815 -42.0
18.530467987060547 -42.0
18.765642166137695 -42.0
18.96919059753418 -42.0
19.150461673736572 -43.0
19.393601417541504 -43.0
19.598070859909058 -43.0
19.794784545898438 -44.0
19.987050533294678 -44.0
20.16384720802307 -44.0
20.32681107521057 -44.0
20.504400491714478 -43.0
20.687846422195435 -44.0
20.925010442733765 -43.0
21.15977168083191 -44.0
21.39145803451538 -44.0
21.629929065704346 -44.0
21.822986125946045 -44.0
22.004951000213623 -44.0
22.19141125679016 -44.0
22.3987774848938 -43.0
22.586212158203125 -42.0
22.828397512435913 -42.0
23.06920313835144 -42.0
23.25357723236084 -41.0
23.47363018989563 -43.0
23.660807847976685 -42.0
23.887715339660645 -42.0
24.11534309387207 -42.0
24.346933841705322 -44.0
24.584300994873047 -44.0
24.824462890625 -44.0
25.06350874900818 -44.0
25.32485556602478 -44.0
25.55538821220398 -44.0
25.79336714744568 -45.0
26.03592824935913 -45.0
26.265812397003174 -46.0
26.464226484298706 -46.0
26.703701496124268 -46.0
26.94440984725952 -47.0
27.183845043182373 -48.0
27.404382705688477 -48.0
27.629915714263916 -48.0
27.850939750671387 -48.0
28.08723020553589 -48.0
28.32443070411682 -48.0
28.561861038208008 -47.0
28.75721025466919 -48.0
28.939254999160767 -48.0
29.126261949539185 -48.0
29.316622972488403 -47.0
29.55198359489441 -46.0
29.790813207626343 -47.0
30.206304788589478 -47.0
30.785454034805298 -65.0
31.02295732498169 -60.0
31.25474214553833 -68.0
31.49141502380371 -66.0
32.365954637527466 -59.0
33.19253611564636 -50.0
33.56817603111267 -53.0
34.639421224594116 -67.0
34.88557696342468 -67.0
35.13199973106384 -55.0
35.37173795700073 -60.0
35.60870289802551 -57.0
35.83108854293823 -60.0
36.02223491668701 -60.0
36.25837779045105 -60.0
36.496986865997314 -59.0
36.7391197681427 -59.0
36.9267144203186 -62.0
37.10826778411865 -58.0
37.58251953125 -64.0
38.29724645614624 -58.0
38.48175072669983 -74.0
38.66274976730347 -58.0
38.84106755256653 -71.0
39.033571004867554 -73.0
39.43677282333374 -64.0
39.66218066215515 -64.0
39.8681001663208 -54.0
40.10041332244873 -69.0
40.33386754989624 -55.0
40.56242346763611 -55.0
41.27668333053589 -49.0
43.12912082672119 -5.0
43.35796785354614 -21.0
43.91243600845337 -1.0
44.11540603637695 1.0
44.355297803878784 -1.0
44.58858609199524 0.0
45.074511766433716 34.0
45.312345027923584 34.0
45.54155254364014 62.0
45.77349400520325 62.0
46.00781202316284 49.0
46.24762201309204 38.0
46.490699768066406 37.0
46.73346924781799 36.0
46.92649555206299 36.0
47.12063765525818 30.0
47.298152446746826 44.0
47.485527992248535 27.0
47.65142798423767 29.0
47.807578563690186 34.0
48.029884338378906 59.0
48.209168910980225 51.0
48.404093742370605 62.0
48.64147424697876 45.0
48.884655237197876 47.0
49.11597943305969 54.0
49.356154441833496 101.0
49.596174478530884 114.0
49.835021018981934 114.0
50.07090497016907 115.0
50.31331992149353 118.0
50.54739022254944 124.0
51.169108629226685 129.0
51.36465525627136 145.0
51.96952819824219 130.0
52.2120087146759 129.0
52.44650602340698 128.0
52.92818069458008 127.0
53.16611289978027 129.0
53.40721035003662 129.0
53.64449858665466 129.0
54.086631536483765 130.0
54.30369424819946 130.0
54.499505281448364 128.0
54.740678787231445 128.0
55.21741819381714 128.0
55.46115708351135 128.0
55.699788093566895 127.0
56.384138345718384 128.0
56.85849142074585 128.0
57.097999811172485 128.0
57.5764479637146 127.0
57.81694006919861 127.0
58.056780099868774 127.0
58.29291868209839 127.0
58.770997047424316 127.0
59.01034450531006 126.0
59.248709201812744 126.0
59.468470096588135 126.0
59.890801191329956 126.0
60.080711364746094 127.0
60.27309036254883 127.0
60.69199585914612 126.0
60.91993951797485 126.0
61.126062870025635 126.0
61.31083035469055 126.0
61.54843497276306 126.0
61.80510425567627 139.0
61.993669748306274 126.0
62.17634201049805 126.0
62.356651067733765 126.0
62.51853680610657 126.0
63.10549449920654 127.0
63.529648303985596 127.0
64.24309825897217 127.0
64.7097692489624 127.0
65.10475778579712 127.0
65.28582501411438 142.0
65.52080464363098 127.0
65.75694060325623 127.0
66.190354347229 127.0
66.42255067825317 127.0
66.61612558364868 127.0
66.85198163986206 127.0
67.27530074119568 127.0
67.51694369316101 127.0
67.75960803031921 127.0
68.5531837940216 127.0
68.75199556350708 127.0
68.96615481376648 127.0
69.4283676147461 128.0
69.60791301727295 127.0
69.80929207801819 128.0
70.04608154296875 128.0
70.51576232910156 127.0
70.75182700157166 127.0
70.98447299003601 127.0
71.22859454154968 127.0
71.69762539863586 127.0
71.93380761146545 126.0
72.16605162620544 126.0
72.37323522567749 126.0
72.84260296821594 126.0
73.07572102546692 126.0
73.25573801994324 126.0
73.43983197212219 126.0
73.61813116073608 125.0
73.8012466430664 125.0
73.986741065979 139.0
74.19968771934509 138.0
74.37847447395325 139.0
74.8254873752594 126.0
75.05766463279724 126.0
75.28983974456787 126.0
75.55672454833984 125.0
75.80095911026001 126.0
76.04861307144165 126.0
76.28267645835876 126.0
76.52198910713196 126.0
76.75285577774048 127.0
77.14926624298096 127.0
77.31964063644409 127.0
77.50768184661865 127.0
77.69130253791809 127.0
77.87527513504028 126.0
78.06960701942444 126.0
78.30853843688965 126.0
78.54861545562744 126.0
78.78018712997437 126.0
79.02214622497559 126.0
79.24242949485779 126.0
79.42539095878601 126.0
79.65692830085754 126.0
80.2562403678894 127.0
80.43709754943848 126.0
80.62528371810913 127.0
80.84016561508179 126.0
81.01934123039246 126.0
81.20230674743652 127.0
81.4177873134613 127.0
81.63973212242126 127.0
81.85640263557434 127.0
82.09700584411621 127.0
82.33253812789917 127.0
82.56340098381042 126.0
82.78361105918884 126.0
83.0196738243103 126.0
83.46648240089417 125.0
83.70062589645386 124.0
83.94090819358826 125.0
84.1812469959259 124.0
84.64067769050598 124.0
84.86265850067139 124.0
85.09679293632507 126.0
85.33403468132019 148.0
86.15385508537292 120.0
86.39493656158447 115.0
86.86841535568237 126.0
87.24223780632019 124.0
87.48245024681091 124.0
87.67337775230408 123.0
87.91880512237549 87.0
88.15244126319885 86.0
88.38462328910828 81.0
88.75659847259521 66.0
88.93813276290894 35.0
89.12457346916199 27.0
89.31363892555237 26.0
89.50731539726257 46.0
89.68983864784241 47.0
90.15934872627258 27.0
90.35677576065063 26.0
90.72111511230469 42.0
90.90661859512329 43.0
91.09459781646729 41.0
91.26757311820984 21.0
91.78922271728516 27.0
92.36699509620667 19.0
92.60047507286072 7.0
93.07834124565125 1.0
93.54433870315552 2.0
93.72884917259216 0.0
94.15608787536621 -2.0
94.39017581939697 -9.0
94.62393760681152 -15.0
94.85622477531433 -34.0
95.33666563034058 -41.0
95.80254530906677 -47.0
96.0377607345581 -49.0
96.27102279663086 -48.0
96.50752925872803 -27.0
96.74470686912537 -48.0
96.97496843338013 -48.0
97.20795822143555 -49.0
97.40714573860168 -48.0
97.59443640708923 -40.0
98.21679639816284 -50.0
98.62006497383118 -48.0
98.98568105697632 -45.0
99.16601777076721 -48.0
99.34693789482117 -47.0
99.9167549610138 -73.0
100.13111543655396 -67.0
100.36357569694519 -55.0
100.5934054851532 -72.0
100.82725024223328 -73.0
101.07068014144897 -74.0
101.31269121170044 -58.0
101.53717875480652 -47.0
101.72280502319336 -57.0
101.93775391578674 -42.0
102.17685651779175 -58.0
102.63756537437439 -42.0
102.87571549415588 -57.0
103.33426427841187 -71.0
104.4573700428009 -74.0
104.92102074623108 -81.0
106.93234205245972 2.0
107.11732864379883 1.0
107.30361723899841 1.0
107.54279160499573 9.0
108.02549815177917 35.0
108.24824118614197 63.0
108.42813539505005 39.0
108.61502695083618 41.0
108.80166745185852 45.0
109.04599475860596 41.0
109.23316526412964 41.0
109.4185152053833 38.0
109.6619942188263 45.0
109.89939665794373 66.0
110.14502120018005 67.0
110.38894248008728 67.0
110.63130331039429 66.0
110.87247657775879 72.0
111.1094114780426 75.0
111.33548164367676 65.0
111.56956267356873 53.0
111.77660417556763 64.0
112.01448678970337 65.0
112.2454195022583 63.0
112.47696685791016 64.0
112.86008787155151 64.0
113.0527811050415 63.0
113.29154801368713 62.0
113.53147649765015 61.0
113.76787853240967 62.0
114.00024724006653 59.0
114.23498964309692 58.0
114.44142198562622 61.0
114.63432717323303 57.0
114.87183737754822 46.0
115.10816431045532 43.0
115.32894229888916 40.0
115.56774258613586 61.0
116.0319013595581 60.0
119.69229650497437 24.0
120.11978149414062 17.0
120.35357451438904 17.0
120.55616974830627 18.0
162.7538137435913 -1.0
170.6648988723755 -43.0
170.9059808254242 -51.0
171.37398624420166 -54.0
172.75217294692993 -70.0
175.32667112350464 -89.0
175.51055669784546 -93.0
176.11691617965698 -91.0
176.56283926963806 -92.0
176.9455177783966 -85.0
177.1861391067505 -85.0
177.39857292175293 -88.0
177.57957315444946 -86.0
177.77302241325378 -84.0
178.1485493183136 -82.0
178.39149928092957 -82.0
178.6317596435547 -87.0
179.09826612472534 -93.0
179.30012679100037 -87.0
179.53637862205505 -107.0
179.7416172027588 -87.0
179.98036813735962 -80.0
180.21376943588257 -75.0
180.68468594551086 -66.0
180.9175717830658 -65.0
181.15559577941895 -64.0
181.63026881217957 -60.0
181.87341713905334 -36.0
182.111896276474 -44.0
182.29042649269104 -43.0
182.47693061828613 -40.0
182.6678376197815 -34.0
183.02954387664795 -19.0
183.20223784446716 -15.0
183.38119173049927 -21.0
183.56128406524658 -21.0
183.74566316604614 -26.0
183.93615746498108 -28.0
184.11414003372192 -33.0
184.35006833076477 -38.0
184.58043384552002 -38.0
184.80784058570862 -32.0
185.04238486289978 -27.0
185.26579976081848 -24.0
185.48257064819336 -21.0
185.71547889709473 -16.0
185.9508867263794 -12.0
186.18115973472595 -7.0
186.35889172554016 -7.0
186.5389084815979 -7.0
186.7826793193817 -4.0
186.9599826335907 -3.0
187.19203758239746 -2.0
187.42163634300232 0.0
187.60313820838928 -3.0
187.781977891922 0.0
188.0012605190277 -11.0
188.2339735031128 -10.0
188.47816801071167 8.0
188.71411561965942 -11.0
188.9497516155243 -1.0
189.18222045898438 -3.0
189.37039518356323 -11.0
189.6127941608429 -12.0
189.85821056365967 -16.0
190.05764818191528 -20.0
190.24069356918335 -23.0
190.42165064811707 -25.0
190.59864497184753 -27.0
190.78241634368896 -32.0
190.9662594795227 -36.0
191.1468322277069 -37.0
191.33294248580933 -42.0
191.5639259815216 -43.0
191.79567503929138 -54.0
192.0291519165039 -67.0
192.25049591064453 -64.0
192.97744822502136 -89.0
193.16756391525269 -85.0
193.4032187461853 -87.0
193.6410961151123 -93.0
193.8318955898285 -97.0
194.0124065876007 -98.0
194.2131383419037 -102.0
194.39241218566895 -125.0
194.5802662372589 -125.0
194.80649256706238 -125.0
195.0378897190094 -125.0
195.22856187820435 -125.0
195.40947937965393 -124.0
195.634850025177 -127.0
195.8749713897705 -126.0
196.1145052909851 -127.0
196.35168600082397 -130.0
196.56959056854248 -131.0
203.83865666389465 -125.0
204.07074856758118 -125.0
204.3049545288086 -126.0
207.3521020412445 -113.0
208.412371635437 -114.0
209.0449595451355 -118.0
209.42959928512573 -122.0
209.75919771194458 -125.0
209.90768337249756 -125.0
210.0832633972168 -126.0
210.26239132881165 -126.0
210.44375014305115 -126.0
210.63243746757507 -127.0
210.81466484069824 -127.0
211.01758980751038 -131.0
211.2178304195404 -133.0
211.41690802574158 -133.0
211.65051555633545 -134.0
231.15726494789124 -126.0
236.79336428642273 -81.0
237.0263569355011 -79.0
238.42007565498352 -96.0
238.87743997573853 -109.0
239.06480312347412 -110.0
240.88714575767517 -124.0
241.1218101978302 -125.0
241.36322283744812 -125.0
241.5967071056366 -124.0
241.82700634002686 -120.0
242.0676453113556 -120.0
242.2451138496399 -121.0
242.61063599586487 -126.0
242.79157519340515 -127.0
242.97562217712402 -130.0
243.156907081604 -131.0
243.53489065170288 -134.0
243.72543931007385 -135.0
247.6954779624939 -125.0
249.12084102630615 -75.0
249.36305856704712 -93.0
249.5960431098938 -92.0
249.80149245262146 -94.0
249.98448944091797 -96.0
250.223699092865 -94.0
250.4583921432495 -96.0
250.69846963882446 -92.0
250.9339632987976 -95.0
251.16668224334717 -94.0
251.39396476745605 -89.0
251.61870169639587 -90.0
251.86249136924744 -86.0
252.10461378097534 -97.0
252.34723901748657 -89.0
252.58365273475647 -102.0
252.8240602016449 -102.0
253.0622296333313 -104.0
253.29822087287903 -105.0
253.53926253318787 -125.0
253.77966570854187 -125.0
254.02002549171448 -125.0
254.21620988845825 -125.0
254.4527564048767 -124.0
254.6858937740326 -96.0
254.90313935279846 -101.0
255.12020325660706 -93.0
255.35406494140625 -97.0
255.58541178703308 -90.0
255.82017159461975 -83.0
256.0533401966095 -90.0
256.28132915496826 -89.0
256.4721302986145 -81.0
256.64782094955444 -71.0
256.82810974121094 -69.0
257.0166835784912 -76.0
257.19900822639465 -63.0
257.3847291469574 -65.0
257.5685968399048 -63.0
257.7730004787445 -62.0
258.0178790092468 -56.0
258.20309710502625 -52.0
258.3864619731903 -49.0
258.76506304740906 -39.0
258.99783277511597 -39.0
259.22983860969543 -41.0
259.6952085494995 -35.0
260.38119673728943 -47.0
260.5785319805145 -47.0
261.000994682312 -51.0
261.24365186691284 -50.0
261.4876534938812 -52.0
261.72936153411865 -52.0
262.37886118888855 -82.0
262.62479639053345 -80.0
262.86807084083557 -78.0
263.07276487350464 -88.0
263.2950990200043 -79.0
263.75978994369507 -64.0
263.99589014053345 -61.0
266.4402492046356 13.0
266.62302803993225 9.0
266.80865383148193 1.0
266.996621131897 4.0
268.80613708496094 13.0
268.99433159828186 15.0
269.40978837013245 20.0
269.5917592048645 27.0
270.2687883377075 36.0
270.5175976753235 65.0
270.7520568370819 71.0
271.00033688545227 80.0
271.2428514957428 86.0
271.4750394821167 125.0
271.710839509964 125.0
271.94126987457275 126.0
272.1709895133972 126.0
272.41049456596375 127.0
272.65722370147705 129.0
272.89149498939514 125.0
273.13014960289 126.0
273.3701391220093 134.0
442.30800318717957 -2.0
442.5594675540924 -3.0
442.8010194301605 -2.0
443.0445499420166 -2.0
443.27896428108215 -1.0
443.4947485923767 0.0
443.68135952949524 1.0
443.8639054298401 1.0
444.05356216430664 2.0
444.28852558135986 1.0
444.5376727581024 4.0
444.78473591804504 3.0
445.0335614681244 1.0
445.27542209625244 1.0
445.5004827976227 1.0
445.70579743385315 2.0
445.9382162094116 3.0
446.2040822505951 3.0
446.458619594574 5.0
446.6719913482666 4.0
446.862566947937 3.0
447.110356092453 2.0
447.3487272262573 1.0
447.5823802947998 -2.0
447.81378149986267 1.0
