11.345213651657104 93.0
11.97158694267273 107.0
12.202078580856323 110.0
12.431206941604614 107.0
12.794058561325073 115.0
12.997363805770874 114.0
13.181632995605469 113.0
13.402573347091675 112.0
13.605440378189087 112.0
13.787811040878296 112.0
13.976204872131348 112.0
14.159337043762207 114.0
14.34456205368042 119.0
14.587940692901611 120.0
14.807578802108765 121.0
14.973180055618286 121.0
15.157155990600586 121.0
15.346497535705566 121.0
15.5350980758667 115.0
15.722684621810913 121.0
15.921600580215454 117.0
16.10289978981018 115.0
16.267986059188843 119.0
16.453063011169434 57.0
16.63512659072876 118.0
16.82066512107849 119.0
17.04558515548706 120.0
17.27498459815979 122.0
17.487494468688965 118.0
17.675544023513794 120.0
17.85836386680603 121.0
18.043811559677124 121.0
18.22313141822815 122.0
18.429090976715088 120.0
18.6685311794281 120.0
18.850471019744873 119.0
19.079351902008057 120.0
19.306878805160522 123.0
19.510835647583008 121.0
19.68306541442871 123.0
19.862187147140503 124.0
20.2269070148468 122.0
20.416839361190796 124.0
20.60108232498169 123.0
21.06437635421753 123.0
21.48476529121399 123.0
21.669555187225342 125.0
21.85220456123352 125.0
22.219974279403687 125.0
22.402364015579224 124.0
22.763420581817627 125.0
22.991044282913208 125.0
23.206305742263794 126.0
23.388044834136963 126.0
23.61307668685913 127.0
23.79810333251953 127.0
24.031862020492554 126.0
24.264393091201782 124.0
24.65939211845398 50.0
24.860515356063843 46.0
25.060940742492676 78.0
25.24264931678772 75.0
25.43892240524292 87.0
25.624258756637573 63.0
25.815003156661987 58.0
26.022080898284912 52.0
26.207803964614868 36.0
26.39050531387329 32.0
26.58231258392334 27.0
26.78366231918335 20.0
26.968801975250244 -1.0
27.144795894622803 -6.0
27.331719398498535 -8.0
27.567850589752197 -6.0
27.80940818786621 -5.0
27.985425233840942 -7.0
28.16869831085205 -7.0
28.343491792678833 -8.0
28.519086599349976 -10.0
28.717598915100098 -8.0
28.948394298553467 -6.0
29.184681177139282 -3.0
29.37883234024048 1.0
29.563636541366577 10.0
29.754557609558105 12.0
29.938534021377563 13.0
30.115532875061035 5.0
30.29888367652893 -6.0
30.481371641159058 -10.0
30.667295932769775 -15.0
30.842374086380005 -25.0
31.007832527160645 -30.0
31.18606734275818 -34.0
31.363563537597656 -37.0
31.549548864364624 -37.0
33.098881483078 -93.0
33.54785680770874 -101.0
33.77526068687439 -103.0
57.399561643600464 -125.0
57.627933502197266 -125.0
57.8607759475708 -125.0
58.28448534011841 -141.0
58.469752073287964 -140.0
58.6967191696167 -140.0
58.88356113433838 -139.0
59.071995973587036 -138.0
59.4773485660553 -138.0
59.71404814720154 -137.0
59.90587544441223 -137.0
60.09311771392822 -137.0
60.32985210418701 -136.0
60.56315207481384 -137.0
60.742661476135254 -138.0
60.91936779022217 -137.0
61.39351177215576 -138.0
61.63817501068115 -139.0
61.86880135536194 -139.0
62.09646558761597 -139.0
62.46378779411316 -141.0
62.63652181625366 -140.0
62.81525921821594 -141.0
62.9997022151947 -142.0
64.28120827674866 -139.0
64.54073977470398 -135.0
64.7749593257904 -127.0
64.97603297233582 -124.0
65.16484808921814 -122.0
65.90449786186218 -106.0
66.69201636314392 -66.0
67.28142642974854 -79.0
67.46679401397705 -75.0
67.65066432952881 -68.0
67.8302550315857 -55.0
68.19478464126587 -60.0
68.42872285842896 -59.0
68.89454388618469 -52.0
69.35048198699951 -53.0
69.58926606178284 -44.0
69.82685017585754 -45.0
70.03821063041687 -44.0
73.45745015144348 72.0
73.92412519454956 69.0
74.15914821624756 74.0
74.39710640907288 49.0
74.6250741481781 125.0
74.85470867156982 50.0
75.08526563644409 48.0
75.28785824775696 52.0
75.52909827232361 52.0
75.76872515678406 125.0
76.00862789154053 122.0
76.24377632141113 124.0
76.44131660461426 124.0
76.62332153320312 56.0
76.80483722686768 45.0
76.99059295654297 56.0
77.16932272911072 125.0
77.40871381759644 56.0
78.1056227684021 56.0
78.28578448295593 76.0
78.50289964675903 76.0
78.69477915763855 124.0
79.02939128875732 57.0
79.1877977848053 55.0
79.34412097930908 116.0
79.5153603553772 113.0
81.90077948570251 54.0
82.13852739334106 114.0
82.82958650588989 119.0
83.20338678359985 125.0
83.42214179039001 125.0
83.78378796577454 125.0
83.96555161476135 125.0
84.14785480499268 125.0
84.3273675441742 125.0
84.532954454422 125.0
84.76364421844482 125.0
84.99807500839233 125.0
85.23308730125427 125.0
85.46855926513672 125.0
85.70009922981262 124.0
85.8805742263794 123.0
86.10684514045715 123.0
86.30622029304504 122.0
86.48463988304138 119.0
86.69867587089539 119.0
87.16519832611084 119.0
87.3619613647461 119.0
87.54533004760742 118.0
87.72866010665894 118.0
88.3681321144104 119.0
88.58463501930237 120.0
88.76533222198486 116.0
89.3529326915741 114.0
89.58362555503845 114.0
89.82305598258972 114.0
90.29563331604004 114.0
90.5204758644104 115.0
90.8952248096466 115.0
91.12737941741943 115.0
91.59582829475403 118.0
91.83415246009827 118.0
92.05228281021118 118.0
92.23570942878723 117.0
92.43938183784485 123.0
92.8260383605957 107.0
93.06853222846985 103.0
93.31187748908997 118.0
93.55367994308472 115.0
93.79505109786987 112.0
94.14527297019958 104.0
94.30039072036743 96.0
94.45137166976929 70.0
94.60776853561401 93.0
94.78077292442322 34.0
95.01440811157227 40.0
95.23563981056213 71.0
95.46406626701355 37.0
95.69160723686218 44.0
95.90929222106934 1.0
96.09424662590027 19.0
96.27627229690552 14.0
96.46217346191406 -7.0
96.65039443969727 -14.0
96.83407425880432 -2.0
97.08479642868042 -1.0
97.3003761768341 -21.0
97.4837293624878 -1.0
97.72159552574158 -2.0
97.95823574066162 -21.0
98.16085600852966 -28.0
98.34464597702026 -42.0
98.52882075309753 -37.0
98.7582459449768 -41.0
98.97097301483154 -39.0
99.15301513671875 -40.0
99.32752633094788 -55.0
99.5087161064148 -56.0
99.69376921653748 -42.0
99.89297246932983 -51.0
100.0817859172821 -35.0
100.25863885879517 -32.0
100.43700838088989 -40.0
100.64797401428223 -42.0
101.10774445533752 -44.0
130.0943615436554 -153.0
138.42969179153442 30.0
138.6134307384491 29.0
138.7947678565979 40.0
138.9934229850769 25.0
139.174174785614 26.0
139.35041904449463 46.0
139.59198093414307 45.0
139.815899848938 55.0
140.0158567428589 53.0
140.19871187210083 61.0
140.42292952537537 60.0
140.65436387062073 64.0
140.8861424922943 63.0
141.11281609535217 62.0
141.39802765846252 62.0
142.54793643951416 53.0
153.35249710083008 -25.0
153.56825137138367 -30.0
153.75034999847412 -27.0
153.92546200752258 -28.0
154.09698963165283 -28.0
154.53666925430298 -35.0
154.73410844802856 -36.0
154.92027235031128 -36.0
155.15560388565063 -36.0
155.37517023086548 -38.0
155.55852508544922 -43.0
155.77011346817017 -46.0
155.95561456680298 -45.0
156.15505647659302 -46.0
156.36452078819275 -45.0
156.5468511581421 -45.0
156.7303478717804 -45.0
156.91887068748474 -44.0
157.1065239906311 -46.0
157.28559613227844 -45.0
157.46860003471375 -60.0
157.6542329788208 -43.0
157.83057498931885 -47.0
158.01301670074463 -46.0
158.19319820404053 -47.0
158.3784625530243 -63.0
158.60308146476746 -44.0
158.83324694633484 -45.0
159.0683946609497 -40.0
159.2664520740509 -42.0
159.50296664237976 -63.0
159.74097442626953 -41.0
159.97368621826172 -44.0
160.1854910850525 -42.0
160.3620686531067 -67.0
160.54859590530396 -75.0
160.77728366851807 -77.0
160.95705771446228 -76.0
161.14057683944702 -60.0
161.37463450431824 -82.0
161.59069395065308 -86.0
161.773530960083 -87.0
161.96422624588013 -86.0
162.14639687538147 -84.0
162.3760964870453 -83.0
162.6052529811859 -83.0
162.79643893241882 -83.0
163.03236961364746 -83.0
163.26854372024536 -88.0
163.5087330341339 -90.0
163.74305081367493 -97.0
163.9844250679016 -104.0
164.22596788406372 -103.0
164.45980739593506 -109.0
164.6882083415985 -112.0
164.89304089546204 -114.0
165.11738657951355 -115.0
165.34399724006653 -116.0
165.52387619018555 -121.0
165.7068648338318 -125.0
165.88308334350586 -126.0
166.06635761260986 -125.0
166.24778366088867 -120.0
166.46861338615417 -117.0
166.68728733062744 -111.0
166.88740968704224 -112.0
167.12314820289612 -112.0
167.32503485679626 -120.0
167.50187373161316 -105.0
167.68506813049316 -105.0
167.87910985946655 -101.0
168.06066989898682 -95.0
168.24683594703674 -96.0
168.43506240844727 -92.0
168.65698528289795 -91.0
169.20258498191833 -77.0
169.42240381240845 -73.0
169.61132168769836 -69.0
169.7928822040558 -58.0
169.98122811317444 -53.0
170.2160394191742 -54.0
170.46101188659668 -55.0
170.69671082496643 -55.0
170.85011911392212 -62.0
171.0412027835846 -55.0
171.22304582595825 -59.0
171.40910148620605 -65.0
171.5784420967102 -65.0
171.7341320514679 -62.0
171.91415548324585 -52.0
172.09141325950623 -37.0
172.2526478767395 -35.0
172.4261598587036 -30.0
172.59582352638245 -29.0
172.8303472995758 -24.0
173.03995323181152 -18.0
173.22073936462402 -16.0
173.40345215797424 -14.0
173.64629554748535 -6.0
173.88921976089478 -7.0
174.13399028778076 -1.0
174.36038208007812 -1.0
174.59019684791565 3.0
174.76999926567078 28.0
174.95208716392517 32.0
175.52269577980042 25.0
175.70064496994019 23.0
176.1168556213379 21.0
176.35582828521729 20.0
176.5721080303192 13.0
176.80935430526733 9.0
177.00419974327087 13.0
177.2398977279663 10.0
177.47502303123474 7.0
177.704980134964 8.0
177.93254256248474 -2.0
178.1473331451416 -2.0
178.32898664474487 -3.0
178.56497645378113 -5.0
178.78856348991394 -6.0
178.990394115448 -11.0
179.17729926109314 -12.0
179.4104928970337 -14.0
179.63402247428894 -19.0
179.81361317634583 -19.0
179.99886965751648 -27.0
180.19268465042114 -14.0
180.3728973865509 -13.0
180.55741786956787 -12.0
180.7782266139984 -17.0
181.01726984977722 -20.0
181.25365018844604 -21.0
181.49490094184875 -22.0
181.7091679573059 -24.0
181.94635248184204 -26.0
182.171058177948 -48.0
182.35673236846924 -42.0
182.53859543800354 -36.0
182.89636516571045 -41.0
183.07700967788696 -47.0
183.63808393478394 -44.0
183.83748769760132 -51.0
184.02070140838623 -44.0
184.7339060306549 -51.0
184.91587829589844 -51.0
185.11865639686584 -59.0
185.34257125854492 -58.0
185.5611605644226 -59.0
185.79071021080017 -64.0
185.9710774421692 -75.0
186.15585327148438 -81.0
186.3423295021057 -83.0
186.522958278656 -85.0
187.19099521636963 -95.0
187.78711438179016 -102.0
188.25721335411072 -114.0
188.45762658119202 -112.0
188.64259910583496 -116.0
188.8273241519928 -116.0
189.01959013938904 -98.0
189.25465512275696 -114.0
189.4882037639618 -97.0
189.72951459884644 -115.0
189.9236922264099 -118.0
190.11356043815613 -121.0
190.29066109657288 -124.0
190.47327756881714 -124.0
190.65793132781982 -125.0
190.8333876132965 -125.0
191.01890659332275 -124.0
191.72587037086487 -119.0
191.90971875190735 -117.0
192.14201521873474 -117.0
192.33585572242737 -115.0
192.51978707313538 -115.0
192.70002555847168 -113.0
192.93448495864868 -98.0
195.0628387928009 -55.0
195.24668788909912 -43.0
195.47835206985474 -31.0
195.71262216567993 -27.0
195.94744396209717 -34.0
196.13611340522766 -39.0
196.37615060806274 -33.0
196.56836891174316 -31.0
196.80341982841492 -32.0
197.00470972061157 -30.0
197.23255014419556 -37.0
197.44874048233032 -30.0
198.28741979599 -36.0
198.527818441391 -24.0
198.75279879570007 -21.0
198.9816610813141 -21.0
199.18103528022766 -17.0
199.40916299819946 -8.0
199.59534621238708 -3.0
199.77657437324524 -2.0
199.96026945114136 3.0
200.1429831981659 18.0
200.36331415176392 22.0
200.5433497428894 25.0
200.73082876205444 28.0
200.96057176589966 36.0
201.15648698806763 37.0
201.33107686042786 17.0
201.50988054275513 47.0
201.69316029548645 67.0
201.91341853141785 68.0
202.15130925178528 73.0
202.38222765922546 72.0
202.56907296180725 71.0
202.75292682647705 69.0
202.94113636016846 69.0
203.17529892921448 68.0
203.40959858894348 68.0
203.64751958847046 68.0
203.88581562042236 67.0
204.12018752098083 67.0
204.36333513259888 66.0
204.59937357902527 65.0
204.83420586585999 64.0
205.06259298324585 62.0
205.28942108154297 61.0
205.51465559005737 59.0
205.69721841812134 60.0
205.885901927948 58.0
206.11387014389038 55.0
206.29768013954163 58.0
206.4735140800476 58.0
206.70100831985474 56.0
206.88951301574707 54.0
207.07208704948425 57.0
207.25771164894104 50.0
207.43481540679932 54.0
207.67897248268127 41.0
207.91947889328003 47.0
208.1024935245514 34.0
208.33827877044678 35.0
208.52998757362366 44.0
208.73242783546448 45.0
208.9345486164093 46.0
209.11109375953674 38.0
209.296217918396 42.0
209.4820113182068 37.0
209.72305965423584 28.0
209.95862913131714 31.0
210.42254662513733 39.0
210.6019322872162 42.0
210.84037327766418 28.0
211.05216455459595 24.0
211.21339893341064 50.0
211.37435245513916 52.0
211.5489161014557 52.0
211.70945620536804 43.0
211.888281583786 52.0
212.07729029655457 53.0
212.23674869537354 54.0
212.4070017337799 55.0
212.56100845336914 55.0
212.74016165733337 56.0
212.9239444732666 56.0
213.10356545448303 56.0
213.32548189163208 56.0
213.56410217285156 57.0
213.80393433570862 58.0
214.04087662696838 58.0
214.24483227729797 58.0
214.44690799713135 59.0
214.6813247203827 59.0
214.91737413406372 59.0
215.1560218334198 60.0
215.3869822025299 60.0
215.6274116039276 61.0
215.86003136634827 61.0
216.06477665901184 62.0
216.24908185005188 63.0
216.4279866218567 66.0
216.61008477210999 83.0
216.79324173927307 61.0
217.03479385375977 61.0
217.2702136039734 62.0
217.44410920143127 61.0
217.62084650993347 61.0
217.79812026023865 62.0
218.03119730949402 62.0
218.26190423965454 62.0
218.4557032585144 62.0
218.6382179260254 62.0
218.8227059841156 62.0
219.03711915016174 62.0
219.21967387199402 61.0
219.4111454486847 61.0
219.59313583374023 62.0
219.77060174942017 62.0
219.96150946617126 62.0
220.1408805847168 63.0
220.3288378715515 63.0
220.5102949142456 61.0
220.73663973808289 62.0
220.9468216896057 62.0
221.13414573669434 63.0
221.3289647102356 62.0
221.50994038581848 63.0
221.69799160957336 62.0
221.87811756134033 62.0
222.0645616054535 64.0
222.24438166618347 63.0
222.42694282531738 64.0
222.61030650138855 61.0
222.7972502708435 64.0
222.98135781288147 64.0
223.18541479110718 65.0
223.48214554786682 64.0
223.72012662887573 66.0
223.94842314720154 66.0
224.1761965751648 66.0
224.40318727493286 66.0
224.58996987342834 67.0
224.77201867103577 67.0
224.97206687927246 67.0
225.15554213523865 68.0
225.33669781684875 68.0
225.56519532203674 68.0
225.8051724433899 68.0
226.04241824150085 69.0
226.2729353904724 70.0
226.50902271270752 70.0
226.7510483264923 70.0
226.98892188072205 71.0
227.22200751304626 71.0
227.44127917289734 71.0
227.63350582122803 72.0
227.8628294467926 72.0
228.10086703300476 72.0
228.32958579063416 72.0
228.50944709777832 72.0
228.67196536064148 72.0
228.84125304222107 73.0
229.01873087882996 72.0
229.20059633255005 73.0
229.4162085056305 74.0
229.64560079574585 74.0
229.87716722488403 74.0
230.11222290992737 73.0
230.3380811214447 74.0
230.5692584514618 74.0
230.8013436794281 72.0
231.03311944007874 98.0
231.24991726875305 100.0
231.42774939537048 101.0
231.6341118812561 101.0
231.8188352584839 101.0
232.0277717113495 101.0
232.23221898078918 102.0
232.43792176246643 102.0
232.65498900413513 103.0
232.8750343322754 103.0
233.10200357437134 103.0
233.30926275253296 103.0
233.49342370033264 74.0
233.68113780021667 74.0
233.8558793067932 104.0
234.04429078102112 105.0
234.22779297828674 105.0
234.4069697856903 105.0
234.58914732933044 105.0
234.77150297164917 105.0
234.9588165283203 106.0
235.18771529197693 106.0
235.41188144683838 106.0
235.5965449810028 106.0
235.8208863735199 106.0
236.0522744655609 106.0
236.2333402633667 107.0
236.41265559196472 107.0
236.59184050559998 107.0
236.79252219200134 107.0
236.98321628570557 107.0
237.22940158843994 107.0
237.46964073181152 107.0
237.69731879234314 106.0
237.9359028339386 107.0
238.17379903793335 107.0
238.4081244468689 106.0
238.64306020736694 107.0
238.8489534854889 107.0
239.07762789726257 106.0
239.3172733783722 106.0
239.55128169059753 105.0
239.7858567237854 106.0
240.00135469436646 107.0
240.17990612983704 106.0
240.3524272441864 106.0
240.53670573234558 105.0
240.71561670303345 106.0
240.89793062210083 106.0
241.08168697357178 107.0
241.3287069797516 107.0
241.53245615959167 40.0
241.7121913433075 39.0
241.95616745948792 40.0
242.15583062171936 40.0
242.39045119285583 107.0
242.59494018554688 106.0
242.84086084365845 107.0
243.0781216621399 107.0
243.31637597084045 107.0
243.5529704093933 107.0
243.73215508460999 104.0
243.9510908126831 107.0
244.13146829605103 107.0
244.31832122802734 107.0
244.49687433242798 107.0
244.6575345993042 105.0
244.82591581344604 114.0
245.00830125808716 114.0
245.19094347953796 113.0
245.37337684631348 110.0
245.53658080101013 103.0
245.7084276676178 99.0
245.8928484916687 96.0
246.07084488868713 93.0
246.25625371932983 85.0
246.44699025154114 52.0
246.64938282966614 50.0
246.87641859054565 46.0
247.10333013534546 39.0
247.30613017082214 35.0
247.5204951763153 32.0
247.70291423797607 28.0
247.9164056777954 15.0
248.09936594963074 6.0
248.28273630142212 -2.0
248.46730971336365 -9.0
248.70363926887512 -27.0
248.9154567718506 -33.0
249.09714722633362 -37.0
249.32208800315857 -43.0
250.23647570610046 -92.0
291.68641996383667 -126.0
292.0746171474457 -125.0
292.2552332878113 -124.0
292.4366104602814 -125.0
292.67173314094543 -125.0
292.8661768436432 -126.0
293.0467052459717 -126.0
293.22435569763184 -126.0
293.45769906044006 -128.0
293.6985704898834 -128.0
293.9230842590332 -128.0
294.10575819015503 -128.0
294.2874171733856 -126.0
294.4648847579956 -126.0
294.70195603370667 -127.0
294.94226837158203 -127.0
295.1431052684784 -128.0
295.32546067237854 -127.0
295.507550239563 -126.0
295.7401475906372 -127.0
295.97470259666443 -128.0
296.21849822998047 -127.0
296.46569561958313 -126.0
296.71651220321655 -129.0
296.9144854545593 -127.0
297.1602375507355 -128.0
297.36106419563293 -127.0
297.5534715652466 -126.0
297.74071073532104 -128.0
297.9329888820648 -128.0
298.12393975257874 -128.0
298.31482791900635 -126.0
298.51133728027344 -124.0
298.74949407577515 -127.0
298.93084692955017 -126.0
299.1240830421448 -126.0
299.3056116104126 -126.0
299.4966506958008 -124.0
299.7726480960846 -126.0
300.00705790519714 -126.0
300.19759249687195 -125.0
300.3849811553955 -125.0
300.602844953537 -123.0
300.84377670288086 -125.0
301.07722520828247 -126.0
301.26201248168945 -125.0
301.50688219070435 -126.0
301.7235836982727 -124.0
301.95869398117065 -125.0
302.1748287677765 -125.0
302.5513114929199 -125.0
302.77560329437256 -87.0
303.1831748485565 -94.0
303.42576694488525 -92.0
303.6637165546417 -86.0
303.8841042518616 -84.0
304.1237065792084 -80.0
304.3629615306854 -78.0
304.56678581237793 -69.0
304.77881598472595 -66.0
304.9652488231659 -63.0
305.1523549556732 -41.0
305.34020471572876 -36.0
305.53483486175537 -36.0
305.7362241744995 -34.0
305.92150235176086 -37.0
306.1605820655823 -34.0
306.37558817863464 -33.0
306.61430978775024 -35.0
306.84305906295776 -35.0
307.05189967155457 -27.0
307.25105118751526 -25.0
307.49343037605286 -22.0
307.72368144989014 -20.0
307.91196942329407 -15.0
308.11030745506287 -13.0
308.3255760669708 -10.0
308.5195343494415 -9.0
308.70868611335754 -9.0
308.88135528564453 2.0
309.0570602416992 0.0
309.2363564968109 -3.0
309.4123649597168 -5.0
309.57813811302185 -4.0
309.7471356391907 0.0
309.91696429252625 14.0
310.10528802871704 -4.0
310.2649579048157 -3.0
310.433660030365 -3.0
310.63457679748535 11.0
310.7945785522461 -4.0
310.96041893959045 -4.0
311.16208934783936 -4.0
311.3494107723236 -4.0
311.5914924144745 -5.0
311.8290207386017 -5.0
312.0157563686371 8.0
312.1631569862366 9.0
312.32390427589417 8.0
312.5006968975067 -4.0
312.65762662887573 9.0
312.82433128356934 8.0
312.98805832862854 8.0
313.1404573917389 8.0
313.31205224990845 7.0
313.4718065261841 6.0
313.6160590648651 8.0
313.7904999256134 8.0
314.0096335411072 9.0
314.2306411266327 9.0
314.44189643859863 7.0
314.6565215587616 -1.0
314.8926455974579 -4.0
315.12326169013977 -3.0
315.35367918014526 -4.0
315.6065266132355 5.0
315.8439154624939 -2.0
316.07986760139465 -4.0
316.3241493701935 -4.0
316.5720498561859 -4.0
316.81169152259827 -6.0
317.0444164276123 -8.0
317.275545835495 -5.0
317.4968309402466 -6.0
317.7227671146393 -7.0
317.94807529449463 0.0
318.17500710487366 -8.0
318.41323137283325 -8.0
318.64586067199707 -8.0
318.8821942806244 -9.0
319.1285352706909 -1.0
319.3689806461334 -1.0
319.6089539527893 -1.0
319.8405804634094 -11.0
320.02589893341064 -11.0
320.2609622478485 -1.0
320.48369431495667 1.0
320.72010922431946 -10.0
320.9656791687012 1.0
321.19358253479004 0.0
321.41417264938354 1.0
321.59426522254944 0.0
321.78686356544495 -11.0
322.00401759147644 -1.0
322.1850264072418 0.0
322.3659007549286 -2.0
322.5879473686218 -2.0
322.82314252853394 -1.0
323.0510983467102 -11.0
323.2542450428009 -1.0
323.4381284713745 -11.0
323.6288824081421 -2.0
323.8347134590149 -11.0
324.0109488964081 -11.0
324.18888211250305 -11.0
324.3746032714844 -10.0
324.5714519023895 -11.0
324.7997992038727 -10.0
325.04294061660767 -10.0
325.24709272384644 -9.0
325.4463551044464 0.0
325.62338519096375 1.0
325.798198223114 0.0
326.0365993976593 0.0
326.2685742378235 -1.0
326.4988806247711 -1.0
326.735463142395 -1.0
326.9772343635559 1.0
327.21817994117737 0.0
327.4443700313568 -1.0
327.62336707115173 1.0
327.86346650123596 4.0
328.10397934913635 4.0
328.34358739852905 5.0
328.5847849845886 6.0
328.82243943214417 5.0
329.0632359981537 7.0
329.29284954071045 6.0
329.52287197113037 10.0
329.75497031211853 8.0
329.99476408958435 10.0
330.1909279823303 7.0
330.37732005119324 -2.0
330.59235405921936 0.0
330.82559752464294 1.0
331.0620255470276 0.0
331.2991101741791 0.0
331.53864455223083 7.0
331.7448868751526 0.0
