20.306429862976074 -3.0
21.070472717285156 -20.0
22.356483459472656 0.0
22.887689113616943 2.0
23.061497926712036 1.0
23.243125915527344 5.0
23.421506643295288 5.0
23.625193119049072 6.0
23.858931303024292 6.0
24.09246516227722 6.0
24.333036184310913 2.0
24.56450867652893 3.0
24.75445055961609 4.0
24.92748999595642 6.0
25.11037588119507 6.0
25.3374445438385 5.0
25.521572828292847 4.0
25.70407009124756 4.0
25.942078351974487 2.0
26.174534559249878 0.0
26.412903308868408 1.0
26.647046327590942 -3.0
26.87022352218628 -2.0
27.05221390724182 -3.0
27.23305583000183 -3.0
27.463310480117798 -4.0
27.693660020828247 -6.0
27.871285676956177 -5.0
28.06807041168213 1.0
28.25340747833252 -5.0
28.435624837875366 -5.0
28.62052345275879 2.0
28.798453330993652 -5.0
28.993194580078125 -7.0
29.16861867904663 -5.0
29.381840229034424 -6.0
29.592835426330566 -8.0
29.829445600509644 -7.0
30.06995415687561 -8.0
30.309008836746216 -8.0
30.51170253753662 -5.0
30.69982600212097 -8.0
30.880095958709717 -8.0
31.064656734466553 -8.0
31.246450662612915 -10.0
31.463577270507812 -11.0
31.650210857391357 -13.0
31.850932121276855 -13.0
32.03592777252197 -14.0
32.26616168022156 -18.0
32.46721911430359 -18.0
32.642513275146484 -18.0
32.83266234397888 -18.0
33.0753915309906 -18.0
33.313995361328125 -18.0
33.49947643280029 -17.0
33.69392228126526 -18.0
33.8798611164093 -18.0
34.09178328514099 -19.0
34.320019006729126 -18.0
34.52866172790527 -18.0
34.71764779090881 -19.0
34.954325675964355 -20.0
35.190245628356934 -20.0
35.42948937416077 -20.0
35.665562868118286 -20.0
35.90578603744507 -19.0
36.143051862716675 -20.0
36.35547399520874 -20.0
36.53968143463135 -20.0
36.70500469207764 -20.0
36.88084363937378 -20.0
37.04000282287598 -21.0
37.19855785369873 -20.0
37.35858654975891 -22.0
37.51600193977356 -22.0
37.71347188949585 -22.0
37.87508273124695 -23.0
38.03301382064819 -21.0
38.22494554519653 -22.0
38.45421290397644 -24.0
38.667951345443726 -23.0
38.85066080093384 -23.0
39.034300327301025 -21.0
39.21358036994934 -23.0
39.449549198150635 -21.0
39.63167643547058 -24.0
39.80475616455078 -20.0
39.980196952819824 -21.0
40.172049045562744 -20.0
40.36222839355469 -20.0
40.58986306190491 -8.0
40.77187371253967 -7.0
40.968884229660034 -19.0
41.198222160339355 -8.0
41.43050694465637 -6.0
41.6554970741272 -6.0
41.85999059677124 -6.0
42.037426471710205 -18.0
42.21230959892273 -6.0
42.39661478996277 -6.0
42.632078886032104 -6.0
42.863988399505615 -6.0
43.097286224365234 -18.0
43.33067274093628 -6.0
43.56286406517029 -6.0
43.79411005973816 -8.0
44.02592396736145 -8.0
44.20916152000427 -7.0
61.69915556907654 30.0
69.92371439933777 7.0
70.31681036949158 13.0
70.49495267868042 8.0
70.9478268623352 12.0
71.17955994606018 11.0
71.3819317817688 11.0
71.56393885612488 11.0
75.12356734275818 0.0
76.22161364555359 -8.0
77.96003794670105 5.0
78.11578822135925 7.0
78.28285884857178 3.0
78.43098306655884 4.0
78.58927607536316 1.0
78.74933338165283 1.0
78.92758655548096 -3.0
79.11133170127869 -1.0
79.29437136650085 -1.0
79.52710843086243 -5.0
79.71185660362244 -12.0
79.89200472831726 -4.0
80.0662796497345 -19.0
80.25516057014465 -11.0
80.44488549232483 -5.0
80.65029954910278 -4.0
80.88181710243225 -4.0
81.06687831878662 -4.0
81.2519862651825 -4.0
81.43461632728577 -4.0
81.61311984062195 -3.0
81.79655933380127 -4.0
81.98251032829285 -9.0
82.16232252120972 -3.0
82.3350899219513 -5.0
82.51492834091187 -6.0
82.71230864524841 -2.0
82.95114350318909 -2.0
83.19478631019592 -1.0
83.38996767997742 -15.0
83.56635642051697 -1.0
83.74953842163086 0.0
83.97940564155579 0.0
84.21286654472351 -2.0
84.7262532711029 -1.0
84.95142126083374 -1.0
85.18317675590515 0.0
85.41626763343811 1.0
85.65672492980957 -12.0
85.88810467720032 0.0
86.08583950996399 2.0
86.26775288581848 3.0
86.49049758911133 2.0
86.87259221076965 4.0
87.07350778579712 2.0
87.25729656219482 1.0
87.95515322685242 -9.0
88.13511753082275 -1.0
88.36731505393982 -3.0
88.82127928733826 -2.0
115.57609724998474 19.0
117.21289324760437 12.0
117.45362877845764 26.0
117.68899512290955 13.0
117.9330062866211 13.0
118.17901420593262 14.0
118.41368818283081 15.0
118.61484360694885 30.0
118.83851790428162 15.0
119.065025806427 16.0
119.2744140625 16.0
119.4618239402771 17.0
119.69009351730347 17.0
119.89790153503418 34.0
120.09455966949463 18.0
120.32934141159058 34.0
120.55808997154236 35.0
120.73537135124207 33.0
120.92031836509705 19.0
121.13650131225586 19.0
121.3186514377594 19.0
121.50716400146484 19.0
121.7423529624939 37.0
121.97812962532043 35.0
122.21687722206116 31.0
122.44530463218689 38.0
122.68160843849182 21.0
122.91680717468262 38.0
123.15047812461853 24.0
123.38447904586792 23.0
123.61718702316284 24.0
123.84875583648682 26.0
124.08067607879639 42.0
124.33158993721008 27.0
124.56422400474548 28.0
124.79771399497986 33.0
125.03256440162659 44.0
125.26522922515869 47.0
125.49072599411011 33.0
125.66907095909119 34.0
125.85194969177246 34.0
126.02663493156433 36.0
126.20875978469849 37.0
126.4469268321991 57.0
126.66130137443542 49.0
126.84233331680298 49.0
127.02460789680481 52.0
127.25711584091187 40.0
127.44399952888489 68.0
127.68182063102722 72.0
127.86414384841919 72.0
128.04501724243164 74.0
128.26889562606812 77.0
128.46280097961426 79.0
128.6461935043335 78.0
128.82157111167908 82.0
129.01080965995789 84.0
129.1910855770111 86.0
129.4149432182312 87.0
129.6487114429474 89.0
129.88254404067993 87.0
130.11169934272766 87.0
130.29501509666443 86.0
130.47287154197693 87.0
130.70218062400818 89.0
130.93897604942322 89.0
131.12396264076233 88.0
131.30674004554749 89.0
131.49619722366333 89.0
131.68674445152283 89.0
131.91853284835815 89.0
132.1004559993744 89.0
132.30426955223083 90.0
132.48308682441711 90.0
132.6811866760254 91.0
132.85784196853638 92.0
133.03754949569702 91.0
133.27070021629333 91.0
133.4990589618683 91.0
133.70745873451233 91.0
133.88313794136047 92.0
134.06043672561646 92.0
134.24470400810242 92.0
134.47591304779053 92.0
134.7047209739685 93.0
134.9368441104889 125.0
135.11552906036377 125.0
135.2905831336975 126.0
135.47514629364014 125.0
135.65121722221375 126.0
135.8349642753601 125.0
136.0199155807495 125.0
136.20037269592285 125.0
136.42520093917847 125.0
136.65285468101501 125.0
136.89456987380981 125.0
137.12903952598572 125.0
137.29987907409668 124.0
137.50940942764282 125.0
137.74502444267273 125.0
137.9817578792572 125.0
138.2016201019287 126.0
138.41842913627625 125.0
138.59152173995972 125.0
138.77198839187622 125.0
139.00565671920776 125.0
139.24151182174683 125.0
139.47224926948547 123.0
139.6590859889984 125.0
139.89693307876587 125.0
140.12899518013 125.0
140.35759735107422 125.0
140.5724675655365 123.0
140.7489619255066 125.0
140.92775917053223 124.0
141.11795949935913 124.0
141.2958664894104 125.0
141.52564144134521 123.0
141.75956511497498 125.0
141.9962878227234 125.0
142.22591042518616 125.0
142.45697402954102 125.0
142.67037677764893 125.0
142.87934374809265 125.0
143.10074377059937 126.0
143.27902245521545 127.0
143.46375131607056 127.0
143.64291787147522 128.0
143.82137942314148 136.0
143.9992814064026 139.0
144.20428705215454 139.0
144.38110780715942 138.0
144.61208081245422 137.0
144.8511335849762 138.0
145.0539047718048 137.0
145.23528504371643 138.0
145.4147756099701 143.0
145.8197159767151 126.0
146.05443954467773 125.0
146.42104935646057 127.0
258.2409830093384 45.0
258.41933703422546 43.0
258.65766429901123 47.0
258.88875436782837 43.0
259.1265621185303 41.0
259.31354880332947 40.0
260.2498142719269 34.0
261.7433943748474 31.0
261.9266357421875 49.0
262.36171412467957 36.0
262.59156370162964 37.0
262.8306577205658 68.0
263.00628995895386 70.0
263.1824052333832 77.0
263.3762254714966 63.0
263.55059909820557 72.0
263.7290699481964 74.0
263.9105849266052 77.0
264.11183524131775 77.0
264.3108665943146 78.0
264.5382318496704 77.0
264.76167249679565 77.0
264.98163890838623 78.0
265.1589810848236 76.0
265.3986430168152 78.0
265.59835481643677 76.0
265.77576780319214 77.0
265.99386954307556 77.0
266.1758785247803 78.0
266.35202646255493 77.0
266.58647561073303 77.0
266.820743560791 78.0
267.0572123527527 78.0
267.26573634147644 78.0
267.44781017303467 78.0
267.63864064216614 78.0
267.8254053592682 78.0
268.00916481018066 77.0
268.23467803001404 77.0
268.4597096443176 77.0
268.6882252693176 77.0
268.8661952018738 76.0
269.0511779785156 75.0
269.2770645618439 75.0
269.51175236701965 74.0
269.74569606781006 75.0
269.967472076416 72.0
270.1864471435547 71.0
270.4220097064972 72.0
270.65227365493774 71.0
270.88982677459717 71.0
271.12889409065247 71.0
271.35995221138 71.0
271.5976359844208 71.0
271.835355758667 71.0
272.06606674194336 70.0
272.29856300354004 70.0
272.5311505794525 71.0
272.7451915740967 70.0
272.92493510246277 71.0
273.1018877029419 71.0
273.2842094898224 70.0
273.4572682380676 76.0
273.6434247493744 83.0
273.82647037506104 82.0
274.06278562545776 75.0
274.2943842411041 84.0
274.5287227630615 85.0
274.75259351730347 72.0
274.97766494750977 71.0
275.15996766090393 72.0
275.3441643714905 71.0
275.5219523906708 71.0
275.7394962310791 71.0
275.9776654243469 70.0
276.2111828327179 71.0
276.4498062133789 71.0
276.68747448921204 71.0
276.9288353919983 71.0
277.1208517551422 72.0
277.29743576049805 72.0
277.4762098789215 71.0
277.6623959541321 71.0
277.8402581214905 81.0
278.01667761802673 74.0
278.1949739456177 81.0
278.3831696510315 76.0
278.5669991970062 71.0
278.7485489845276 72.0
278.933625459671 83.0
279.1184558868408 83.0
279.3007912635803 51.0
279.5183470249176 70.0
279.70185375213623 70.0
279.8839237689972 70.0
280.0672869682312 57.0
280.25968980789185 87.0
280.4419102668762 72.0
280.62413215637207 70.0
280.8533480167389 70.0
281.44836592674255 69.0
281.6321339607239 69.0
281.8643925189972 69.0
282.2785019874573 71.0
282.4601113796234 71.0
282.65260434150696 93.0
282.8640627861023 93.0
283.04599046707153 82.0
283.2317509651184 82.0
283.4108567237854 82.0
283.642014503479 82.0
283.86725091934204 82.0
284.09854388237 82.0
284.3285732269287 82.0
284.56214213371277 82.0
284.79463720321655 93.0
285.0255846977234 81.0
285.26026916503906 94.0
285.49087023735046 94.0
285.7213668823242 79.0
285.92079162597656 95.0
286.1008005142212 79.0
286.300416469574 78.0
286.48415660858154 75.0
286.6692941188812 72.0
286.90336990356445 69.0
287.12215065956116 46.0
287.35253262519836 52.0
287.5743479728699 75.0
287.8164119720459 68.0
288.0501208305359 76.0
288.2739715576172 83.0
288.4510245323181 85.0
288.63145995140076 85.0
288.80824613571167 68.0
288.98418068885803 82.0
289.16567850112915 95.0
289.337037563324 78.0
289.5142078399658 75.0
289.7440092563629 73.0
289.9204821586609 71.0
290.10735511779785 62.0
290.2877769470215 60.0
290.46770668029785 33.0
290.69814014434814 33.0
290.93287897109985 33.0
291.1574296951294 33.0
291.3834888935089 35.0
291.6064076423645 36.0
291.8419439792633 36.0
292.04635310173035 35.0
292.2451386451721 34.0
292.4269094467163 35.0
292.616961479187 35.0
292.80955719947815 65.0
292.9852993488312 34.0
293.22150707244873 34.0
293.46060276031494 34.0
293.6886417865753 34.0
293.9197087287903 35.0
294.17763662338257 37.0
294.4155230522156 37.0
294.6508677005768 36.0
294.8352997303009 36.0
295.0099136829376 36.0
295.1931712627411 37.0
295.3800382614136 37.0
295.5559422969818 35.0
295.7293345928192 37.0
295.9590129852295 72.0
296.1837921142578 36.0
296.3595926761627 39.0
296.5766808986664 39.0
296.776264667511 40.0
296.95552110671997 39.0
297.1941149234772 40.0
297.42488074302673 39.0
297.6238865852356 38.0
297.80614829063416 39.0
298.0023808479309 38.0
298.18540048599243 37.0
298.36266899108887 37.0
298.547728061676 37.0
298.7787711620331 37.0
299.00622272491455 37.0
299.1853380203247 38.0
299.36689805984497 38.0
299.54865074157715 39.0
299.7291646003723 39.0
299.90674018859863 38.0
300.08793592453003 41.0
300.2793848514557 51.0
300.451318025589 54.0
300.67602825164795 46.0
300.90042877197266 54.0
301.1332504749298 49.0
301.36041355133057 52.0
301.5461235046387 50.0
301.7394561767578 49.0
301.9187557697296 54.0
302.1141595840454 52.0
302.30419278144836 51.0
302.48396611213684 52.0
302.7157015800476 56.0
302.9581367969513 53.0
303.1965630054474 51.0
303.4237279891968 46.0
303.6076786518097 45.0
303.79309582710266 39.0
303.9758460521698 38.0
304.16041374206543 37.0
304.34530687332153 36.0
304.5680696964264 36.0
304.7521023750305 37.0
304.95061588287354 36.0
305.1330735683441 37.0
305.315810918808 50.0
305.493469953537 37.0
305.67121720314026 36.0
305.85480284690857 35.0
306.0365197658539 35.0
306.210905790329 36.0
306.393061876297 35.0
306.6076829433441 35.0
306.8442749977112 35.0
307.036936044693 35.0
307.24678468704224 35.0
307.48388147354126 66.0
307.7018258571625 37.0
307.8961691856384 69.0
308.1316337585449 69.0
308.37310814857483 36.0
308.6145203113556 37.0
308.83435559272766 36.0
309.02000427246094 37.0
309.202100276947 35.0
309.4384081363678 36.0
309.6709372997284 36.0
309.91023802757263 34.0
310.1532874107361 35.0
310.35926485061646 36.0
310.6377213001251 34.0
310.88872838020325 35.0
311.1138319969177 35.0
311.3180720806122 35.0
311.5105171203613 34.0
311.7666039466858 35.0
312.02576994895935 36.0
312.25511360168457 35.0
312.48338651657104 36.0
312.72622990608215 37.0
312.96147775650024 38.0
313.14701104164124 41.0
313.3276455402374 36.0
313.50963020324707 36.0
313.7407145500183 48.0
313.96750497817993 39.0
314.204469203949 37.0
314.4388988018036 37.0
314.6374921798706 37.0
314.81966948509216 38.0
315.00725650787354 37.0
315.19407391548157 38.0
315.3801281452179 40.0
315.56016969680786 38.0
315.7589530944824 39.0
315.94079327583313 39.0
316.1117031574249 38.0
316.29033184051514 38.0
316.4659390449524 38.0
316.65537881851196 38.0
316.8376019001007 39.0
317.0674846172333 44.0
317.30738735198975 54.0
317.5271098613739 55.0
317.754545211792 53.0
317.9816253185272 54.0
318.2095856666565 58.0
318.3981478214264 58.0
318.6275806427002 58.0
318.85744071006775 59.0
319.0370395183563 59.0
319.21199226379395 61.0
319.3951780796051 59.0
319.5741012096405 58.0
319.75205540657043 59.0
319.92635107040405 59.0
320.12311840057373 59.0
320.3049612045288 56.0
320.49033761024475 45.0
320.6763336658478 57.0
320.8555819988251 59.0
321.03997588157654 58.0
321.22280740737915 46.0
321.4049320220947 42.0
321.58902883529663 52.0
321.7683038711548 54.0
322.00086641311646 58.0
322.1773250102997 60.0
322.3662564754486 59.0
322.5824110507965 63.0
322.7645092010498 63.0
322.94813799858093 72.0
323.1307032108307 71.0
323.31214904785156 72.0
323.4960284233093 72.0
323.6751775741577 73.0
323.9110116958618 72.0
324.10845398902893 73.0
324.3162684440613 73.0
324.5333459377289 73.0
324.7079265117645 73.0
324.8977310657501 72.0
325.1375777721405 72.0
325.3748917579651 72.0
325.58008670806885 64.0
325.7661838531494 60.0
325.94841504096985 51.0
326.1244912147522 41.0
326.29940962791443 39.0
326.4823749065399 43.0
326.661714553833 38.0
326.8879270553589 37.0
327.11945939064026 36.0
327.3103232383728 37.0
327.4926166534424 37.0
327.6763045787811 36.0
327.8591639995575 36.0
328.04051899909973 36.0
328.2683939933777 36.0
328.44635939598083 50.0
328.62804198265076 36.0
328.8013997077942 48.0
328.9837853908539 74.0
329.1686007976532 48.0
329.3930251598358 80.0
329.57633113861084 44.0
329.7612853050232 71.0
330.06459498405457 82.0
330.3004460334778 84.0
330.5273323059082 84.0
330.7052822113037 82.0
330.89891028404236 82.0
331.08023834228516 81.0
331.25597310066223 78.0
331.4351234436035 78.0
331.6131749153137 37.0
331.79498744010925 37.0
331.96991300582886 37.0
332.14732599258423 36.0
332.3217816352844 36.0
332.5020823478699 38.0
332.86482977867126 36.0
333.0796046257019 36.0
333.2713027000427 61.0
333.46615648269653 37.0
333.6483359336853 50.0
333.8245723247528 37.0
333.99947452545166 34.0
334.2393276691437 34.0
334.48093342781067 33.0
334.7048635482788 58.0
334.93610072135925 38.0
335.1119222640991 32.0
335.29599499702454 32.0
335.4741327762604 32.0
335.6648802757263 32.0
335.85996294021606 46.0
336.0677921772003 32.0
336.2911343574524 46.0
336.5246000289917 32.0
336.75144386291504 33.0
336.98935437202454 32.0
337.21265983581543 32.0
337.410564661026 32.0
337.59211564064026 33.0
337.79117226600647 33.0
337.978449344635 33.0
338.19653034210205 33.0
338.3759090900421 34.0
338.57319045066833 35.0
338.79641938209534 34.0
339.02397656440735 35.0
339.2050566673279 35.0
339.3894467353821 35.0
339.5725338459015 36.0
339.7623519897461 37.0
339.9692814350128 35.0
340.1894097328186 36.0
340.42525482177734 36.0
340.6687219142914 37.0
340.8748788833618 36.0
341.0564241409302 37.0
341.26011085510254 37.0
341.44536304473877 39.0
341.6450204849243 52.0
341.8826720714569 41.0
342.08248233795166 40.0
342.3192503452301 38.0
342.5502586364746 39.0
342.7878451347351 38.0
343.01731133461 46.0
343.24454522132874 43.0
343.4824388027191 38.0
343.7216167449951 37.0
343.95283031463623 39.0
344.18781328201294 38.0
344.37406182289124 50.0
344.5551567077637 36.0
344.792772769928 36.0
344.99363708496094 35.0
345.1685962677002 35.0
345.3552544116974 35.0
345.57497477531433 36.0
345.81664204597473 39.0
346.0458688735962 38.0
346.26807856559753 37.0
346.4505441188812 35.0
346.626606464386 35.0
346.806622505188 34.0
346.98121309280396 35.0
347.1624138355255 34.0
347.40106868743896 48.0
347.5877251625061 33.0
347.8221468925476 33.0
348.05623841285706 47.0
348.279328584671 35.0
348.46393942832947 46.0
348.69250679016113 46.0
348.874746799469 46.0
349.0552532672882 46.0
349.2347643375397 46.0
349.4551115036011 47.0
349.6317479610443 46.0
349.86694979667664 31.0
350.1002712249756 32.0
350.2834441661835 47.0
350.4715692996979 31.0
350.7093539237976 31.0
350.94573187828064 28.0
351.17636728286743 33.0
351.4103579521179 29.0
351.5831079483032 70.0
351.7650520801544 33.0
351.94925451278687 24.0
352.1278109550476 24.0
352.31038069725037 4.0
352.49337816238403 41.0
352.6806366443634 39.0
