0.4966917037963867 64.0
1.0004525184631348 64.0
1.2390804290771484 64.0
1.4938418865203857 65.0
1.81809401512146 64.0
2.0556743144989014 64.0
2.325873613357544 62.0
2.604534149169922 64.0
2.913391351699829 64.0
3.2481095790863037 64.0
3.6268019676208496 60.0
3.9641315937042236 61.0
4.2073915004730225 59.0
4.488779306411743 58.0
4.804286241531372 56.0
5.114657163619995 48.0
5.420070171356201 40.0
5.755890369415283 42.0
6.05397629737854 51.0
6.418752908706665 53.0
6.769334077835083 51.0
7.094274997711182 58.0
7.439275026321411 61.0
7.681002140045166 59.0
7.941845655441284 63.0
8.249007225036621 64.0
8.541131496429443 68.0
8.860246896743774 67.0
9.166305541992188 87.0
9.80386471748352 71.0
10.39504623413086 69.0
10.745986700057983 68.0
11.047420978546143 79.0
11.344882726669312 74.0
11.639689445495605 72.0
11.943853616714478 62.0
12.298823356628418 60.0
12.592468023300171 57.0
12.899178743362427 60.0
13.197959423065186 61.0
13.553162097930908 60.0
13.851083755493164 63.0
14.137512445449829 66.0
14.454539775848389 61.0
14.804497241973877 76.0
15.096004724502563 76.0
15.396148204803467 73.0
15.707813024520874 78.0
16.05237865447998 80.0
16.35311198234558 83.0
16.64196801185608 82.0
16.95034956932068 90.0
17.335148572921753 90.0
17.898998737335205 76.0
18.843318700790405 69.0
19.141851902008057 62.0
19.443351984024048 72.0
19.79720973968506 71.0
20.102421045303345 72.0
20.39530348777771 61.0
20.687668800354004 63.0
21.048296213150024 70.0
21.3459312915802 79.0
21.64675235748291 85.0
22.05188274383545 88.0
22.344319105148315 88.0
22.639678955078125 88.0
22.962268114089966 63.0
23.289162158966064 60.0
23.59835934638977 72.0
23.89660930633545 71.0
24.193567752838135 67.0
24.553006887435913 59.0
24.84547185897827 49.0
25.131276845932007 50.0
25.446972608566284 36.0
25.755499839782715 32.0
26.09322166442871 25.0
26.39091730117798 23.0
26.717348098754883 22.0
26.984219312667847 22.0
28.34261703491211 18.0
29.58810067176819 12.0
30.830742835998535 12.0
32.07914447784424 11.0
33.35654854774475 8.0
34.59151911735535 4.0
35.8342170715332 8.0
37.03577494621277 6.0
38.286314487457275 9.0
39.52468824386597 13.0
40.88450002670288 11.0
42.118104219436646 11.0
43.36820340156555 11.0
44.61376404762268 8.0
45.8138313293457 8.0
47.05166935920715 10.0
48.298823833465576 10.0
49.53303360939026 10.0
50.78484582901001 10.0
52.02246165275574 12.0
