10.652971744537354 99.0
11.602511167526245 98.0
11.783952951431274 98.0
11.960715770721436 98.0
12.134582757949829 98.0
12.855146408081055 37.0
13.028488159179688 31.0
13.196597576141357 28.0
13.672212600708008 18.0
13.9054274559021 18.0
14.104653358459473 19.0
14.317835569381714 20.0
14.554789781570435 22.0
14.75046968460083 21.0
14.930749654769897 21.0
15.110337972640991 22.0
15.28908920288086 23.0
15.47182583808899 23.0
15.65381646156311 25.0
15.845190525054932 25.0
16.02942395210266 24.0
16.207266569137573 24.0
16.38823413848877 25.0
16.565333366394043 25.0
17.001092433929443 30.0
17.180763483047485 31.0
17.362412214279175 33.0
17.543782472610474 34.0
17.72970747947693 38.0
17.911250352859497 60.0
18.09333324432373 63.0
18.2758948802948 98.0
18.459232091903687 98.0
18.64184856414795 98.0
19.01183032989502 99.0
19.193129539489746 98.0
19.418169736862183 98.0
19.65756058692932 97.0
19.88182806968689 98.0
20.061181783676147 98.0
20.43063759803772 98.0
20.66106605529785 98.0
20.840322732925415 98.0
21.008678913116455 98.0
21.333823442459106 98.0
21.48779797554016 98.0
21.64630651473999 98.0
21.809360027313232 98.0
22.152841806411743 98.0
22.332560777664185 98.0
22.50980234146118 99.0
22.685319900512695 98.0
23.007764101028442 99.0
23.193192958831787 99.0
23.368164777755737 99.0
23.547799110412598 98.0
23.872286081314087 98.0
24.052408933639526 98.0
24.44153881072998 98.0
24.874027013778687 98.0
25.06779384613037 98.0
25.298707723617554 98.0
25.530927658081055 98.0
25.997846126556396 98.0
26.234137058258057 98.0
26.472670316696167 98.0
26.707992553710938 98.0
27.088356494903564 98.0
27.31977343559265 98.0
27.55372714996338 98.0
27.780428886413574 98.0
28.237785816192627 98.0
28.465156078338623 99.0
28.66490936279297 99.0
29.313613176345825 98.0
29.544861555099487 98.0
29.774546146392822 98.0
30.003963947296143 98.0
31.091202974319458 61.0
32.73476696014404 36.0
33.12415337562561 57.0
33.31419110298157 35.0
33.672521114349365 35.0
33.85554075241089 36.0
34.22735238075256 34.0
34.54892873764038 36.0
35.74635362625122 98.0
36.05386805534363 97.0
36.2395761013031 98.0
36.566532373428345 98.0
36.74999284744263 98.0
37.119741439819336 98.0
37.28252100944519 98.0
37.460227727890015 98.0
37.629143476486206 98.0
37.99748253822327 98.0
38.23085165023804 98.0
38.45769691467285 98.0
38.66696238517761 98.0
38.8635470867157 96.0
39.06252145767212 98.0
39.3050057888031 98.0
39.53957223892212 98.0
39.77703142166138 98.0
40.24375891685486 98.0
40.48094868659973 97.0
40.720818281173706 98.0
40.956854581832886 97.0
41.19133186340332 97.0
41.42739915847778 98.0
41.666348934173584 97.0
41.90727782249451 98.0
42.47060775756836 98.0
42.65328574180603 97.0
42.88568711280823 98.0
43.069154024124146 98.0
43.420969009399414 98.0
43.665390968322754 98.0
43.8933048248291 98.0
44.12071704864502 98.0
44.583343505859375 98.0
44.78931260108948 98.0
45.025662422180176 98.0
45.24548625946045 98.0
45.78900694847107 98.0
46.03012824058533 98.0
46.25692057609558 98.0
46.68400025367737 98.0
46.87144899368286 98.0
47.05548357963562 98.0
47.23432421684265 98.0
47.44016194343567 89.0
47.67254996299744 98.0
47.90704321861267 98.0
48.08471703529358 98.0
48.245166063308716 98.0
48.5921733379364 98.0
48.772072076797485 98.0
48.95933651924133 98.0
49.13966608047485 98.0
49.51317286491394 98.0
49.695996046066284 98.0
49.8777437210083 98.0
50.439221143722534 98.0
50.621567487716675 98.0
50.80466413497925 98.0
50.980738401412964 99.0
51.696298360824585 99.0
51.87656617164612 99.0
52.3324830532074 99.0
52.562660932540894 100.0
52.805230140686035 100.0
54.09047865867615 98.0
54.50475311279297 98.0
54.69469141960144 98.0
58.56652235984802 98.0
58.80279493331909 98.0
58.997649908065796 98.0
59.66454720497131 102.0
60.02013683319092 103.0
60.20380091667175 101.0
61.54161524772644 98.0
61.75203585624695 98.0
63.23237180709839 35.0
63.40778923034668 35.0
63.57934021949768 37.0
63.75211977958679 38.0
63.927722215652466 44.0
64.12117385864258 45.0
64.29714155197144 42.0
65.9389259815216 46.0
66.11655306816101 30.0
66.34662222862244 29.0
66.80616664886475 25.0
67.00627875328064 24.0
67.18790578842163 24.0
67.36457848548889 23.0
67.54656982421875 31.0
67.73182392120361 28.0
67.92573523521423 27.0
68.10069179534912 20.0
68.28000807762146 27.0
68.45554447174072 27.0
68.63474225997925 26.0
68.81904602050781 25.0
68.99776220321655 19.0
69.20001721382141 17.0
69.43346214294434 15.0
69.66031956672668 19.0
69.90013647079468 26.0
70.13014888763428 28.0
70.35750699043274 28.0
70.5846951007843 30.0
70.81178116798401 32.0
71.04359221458435 27.0
71.28007817268372 29.0
71.51850819587708 34.0
71.75454878807068 39.0
71.98371315002441 37.0
72.38131213188171 43.0
72.6066825389862 44.0
72.82761549949646 66.0
73.92236042022705 74.0
74.15140914916992 82.0
74.37820959091187 83.0
74.61237382888794 84.0
74.82680940628052 85.0
75.03149461746216 85.0
75.2152931690216 86.0
75.44320726394653 86.0
75.67867612838745 86.0
75.86158680915833 88.0
76.03835868835449 86.0
76.21672344207764 91.0
76.3917932510376 95.0
76.57263684272766 98.0
76.77480101585388 99.0
77.20136332511902 97.0
77.3821611404419 96.0
77.5628547668457 93.0
77.74159026145935 89.0
78.19523453712463 85.0
78.36956071853638 83.0
79.17849707603455 47.0
79.35136294364929 25.0
79.51104259490967 24.0
79.66723942756653 36.0
79.83797860145569 14.0
80.0058012008667 9.0
80.1659529209137 10.0
80.32391619682312 13.0
80.47753930091858 14.0
80.66546201705933 15.0
80.84307718276978 16.0
81.0186710357666 15.0
81.22422862052917 15.0
81.4624650478363 14.0
81.70089530944824 15.0
81.93041515350342 14.0
82.1653983592987 15.0
82.36473894119263 16.0
82.6024649143219 16.0
82.78650069236755 17.0
82.98173093795776 19.0
83.18411374092102 19.0
83.42145109176636 19.0
83.65712118148804 19.0
83.88998699188232 20.0
84.12745475769043 0.0
84.36131644248962 26.0
84.5981137752533 28.0
84.82972002029419 28.0
85.02602171897888 25.0
85.28065395355225 21.0
85.51145076751709 18.0
85.7258312702179 18.0
85.90223574638367 18.0
86.1008710861206 18.0
86.2840883731842 18.0
86.47430944442749 18.0
86.70931959152222 -81.0
86.94289946556091 -81.0
87.17679381370544 -73.0
133.8958535194397 -51.0
134.07368969917297 -64.0
134.26131558418274 -64.0
134.4401514530182 -57.0
134.6767933368683 -47.0
134.89388823509216 -47.0
135.08127212524414 -49.0
135.26142382621765 -11.0
135.44113969802856 -50.0
135.62256169319153 -49.0
135.85995197296143 -10.0
136.09798669815063 -49.0
136.33696794509888 -48.0
136.56875014305115 -11.0
136.80457139015198 -50.0
136.986909866333 -51.0
137.16023182868958 -53.0
137.40258884429932 -58.0
137.63705039024353 -61.0
137.86299014091492 -61.0
138.05236196517944 -59.0
138.23302960395813 -54.0
138.41581320762634 -10.0
139.02704119682312 -26.0
139.20705676078796 -24.0
139.44239449501038 -18.0
139.62285351753235 -12.0
139.83145236968994 -4.0
140.01472687721252 2.0
140.25160312652588 9.0
140.4389452934265 12.0
140.62503266334534 19.0
140.80276918411255 21.0
141.03822493553162 24.0
141.23159456253052 29.0
141.416241645813 37.0
141.60807013511658 25.0
141.7862331867218 99.0
142.0126509666443 99.0
142.25011587142944 49.0
142.48661756515503 47.0
142.7204442024231 50.0
142.90622925758362 72.0
143.08780217170715 73.0
143.29559588432312 50.0
143.494140625 73.0
143.72065687179565 72.0
143.90732765197754 72.0
144.08353757858276 72.0
144.31675505638123 70.0
144.5481719970703 71.0
144.7614369392395 71.0
144.95256090164185 48.0
145.1467010974884 48.0
145.34183549880981 71.0
145.57927346229553 50.0
146.0030813217163 74.0
146.18480944633484 74.0
146.36073851585388 72.0
146.54070734977722 72.0
146.7279212474823 71.0
146.91583800315857 69.0
147.09712314605713 70.0
147.27060723304749 51.0
147.4628345966339 53.0
147.64186191558838 54.0
147.80351400375366 57.0
147.95222210884094 57.0
148.10729718208313 77.0
148.28418803215027 57.0
148.48416018486023 58.0
148.66146278381348 58.0
148.81183910369873 58.0
149.13419365882874 58.0
149.29786562919617 57.0
149.4561276435852 57.0
149.61635446548462 57.0
150.7164590358734 48.0
150.8984146118164 42.0
151.10638189315796 38.0
152.0307912826538 15.0
152.20980715751648 6.0
152.39766550064087 1.0
152.58500146865845 -8.0
152.80175757408142 -18.0
153.03057169914246 -18.0
153.26479506492615 -27.0
153.7267620563507 -27.0
153.9628894329071 -51.0
154.19662475585938 -53.0
154.40024137496948 -51.0
154.58215880393982 -34.0
154.76058197021484 -51.0
154.9428141117096 -49.0
155.12481331825256 -47.0
155.306401014328 -38.0
155.4845576286316 -55.0
155.66381764411926 -50.0
155.84282112121582 -49.0
156.02457904815674 -55.0
156.20618343353271 -19.0
156.38606476783752 -57.0
156.5707507133484 -55.0
156.77044343948364 -51.0
156.99737644195557 -59.0
157.22885608673096 -61.0
157.45620322227478 -61.0
157.66648173332214 -60.0
157.90062522888184 -60.0
158.10384321212769 -60.0
158.28401041030884 -61.0
158.4697403907776 -62.0
158.7010612487793 -63.0
158.93569898605347 -66.0
159.16682124137878 -64.0
159.40227842330933 -65.0
159.63879656791687 -65.0
159.8446717262268 -66.0
160.0336718559265 -65.0
160.21588253974915 -66.0
160.39737963676453 -66.0
160.5736734867096 -67.0
160.80239248275757 -66.0
161.03165769577026 -68.0
161.2596640586853 -69.0
161.44762635231018 -66.0
161.63260531425476 -67.0
161.82155799865723 -67.0
162.01802372932434 -68.0
162.20035600662231 -71.0
162.61382269859314 -74.0
162.84282517433167 -71.0
163.1239025592804 -46.0
163.35050225257874 -63.0
163.59112691879272 -59.0
163.7892506122589 -21.0
163.97113490104675 -32.0
164.14512538909912 -28.0
164.33200669288635 -23.0
164.52252864837646 -19.0
164.7053189277649 -16.0
164.88652396202087 -9.0
165.06408619880676 -1.0
165.24725198745728 2.0
165.42458248138428 5.0
165.59569430351257 3.0
165.77542972564697 4.0
165.99823546409607 37.0
166.2133104801178 59.0
166.44462537765503 56.0
166.67631697654724 58.0
166.86716675758362 57.0
167.0557098388672 57.0
167.25573015213013 56.0
167.48335003852844 57.0
167.70506072044373 56.0
167.94526863098145 56.0
168.18338799476624 56.0
168.42495894432068 55.0
168.65481758117676 33.0
168.88040280342102 33.0
169.11069750785828 56.0
169.34391140937805 33.0
169.57865166664124 33.0
169.81684803962708 54.0
170.00627422332764 32.0
170.18754053115845 33.0
170.37325167655945 33.0
170.57364797592163 31.0
170.77556896209717 32.0
171.00110149383545 36.0
171.22622847557068 35.0
171.40796422958374 33.0
171.5886971950531 34.0
171.76488637924194 33.0
171.9848620891571 32.0
172.22024631500244 34.0
172.45685529708862 37.0
172.69727396965027 36.0
172.9275176525116 37.0
173.15483951568604 37.0
173.3372552394867 39.0
173.56972861289978 38.0
173.79673266410828 38.0
174.03039693832397 37.0
174.26140713691711 55.0
174.49339509010315 53.0
174.72198796272278 56.0
174.95315837860107 54.0
175.1853368282318 57.0
175.42043018341064 55.0
175.65197658538818 55.0
175.87427353858948 57.0
176.052725315094 57.0
176.23155689239502 57.0
176.41113686561584 56.0
176.59651112556458 57.0
176.77573084831238 55.0
177.0102517604828 56.0
177.24098777770996 36.0
177.47328925132751 58.0
177.70693254470825 34.0
177.91034317016602 35.0
178.07936668395996 56.0
178.2365367412567 54.0
178.41090440750122 58.0
178.5864975452423 58.0
178.75830602645874 58.0
178.9105327129364 55.0
179.06807899475098 55.0
179.22490096092224 54.0
179.39277863502502 54.0
179.56685209274292 56.0
179.73894381523132 55.0
179.90194869041443 54.0
180.0792818069458 38.0
180.2627203464508 51.0
180.43728613853455 50.0
180.5910394191742 39.0
180.77650332450867 37.0
180.96393132209778 46.0
181.12022948265076 35.0
181.27822422981262 33.0
181.45075488090515 33.0
181.63291192054749 32.0
181.81714725494385 33.0
182.04409766197205 30.0
182.28204798698425 32.0
182.51611280441284 30.0
182.7480592727661 14.0
182.95574307441711 29.0
183.13764095306396 8.0
183.3273253440857 24.0
183.5595498085022 6.0
183.78435230255127 22.0
183.96897339820862 18.0
184.20199131965637 2.0
184.38667917251587 17.0
184.56336307525635 18.0
184.74606037139893 21.0
184.97904062271118 25.0
185.19440031051636 27.0
185.37880659103394 28.0
185.56297755241394 27.0
185.7591037750244 27.0
185.9413125514984 26.0
186.11631321907043 25.0
186.29627108573914 25.0
186.52236008644104 25.0
186.7508544921875 24.0
186.98383283615112 24.0
187.20859670639038 30.0
187.40817952156067 32.0
187.64421033859253 31.0
187.8790476322174 29.0
188.10513281822205 23.0
188.28619647026062 17.0
188.46667647361755 13.0
188.6435010433197 7.0
188.87384629249573 0.0
189.10089230537415 -8.0
189.32336926460266 -1.0
189.5038137435913 -19.0
189.686137676239 -12.0
190.04478192329407 -42.0
190.8016550540924 -72.0
191.0363221168518 -72.0
191.26448154449463 -73.0
191.49395084381104 -75.0
191.71808242797852 -75.0
191.94640278816223 -75.0
192.1682755947113 -76.0
192.39988780021667 -74.0
192.62818002700806 -75.0
192.85418510437012 -74.0
193.00793147087097 -65.0
193.17186522483826 -75.0
193.34524941444397 -72.0
193.52408599853516 -72.0
193.69602966308594 -72.0
193.8611273765564 -72.0
194.0152666568756 -74.0
194.2013177871704 -72.0
194.37731218338013 -71.0
194.5520634651184 -71.0
194.72510266304016 -71.0
194.90892004966736 -73.0
195.08002591133118 -72.0
195.2686731815338 -70.0
195.45520639419556 -70.0
195.63590669631958 -71.0
195.8152732849121 -71.0
195.9870834350586 -70.0
196.15965795516968 -69.0
196.32967972755432 -70.0
196.50579023361206 -70.0
196.68602085113525 -71.0
196.871080160141 -70.0
197.06253862380981 -69.0
197.2412612438202 -67.0
197.41914987564087 -69.0
197.691397190094 -67.0
197.87238383293152 -66.0
198.05613708496094 -65.0
198.23690032958984 -64.0
198.41338205337524 -60.0
198.6220371723175 -67.0
199.67780327796936 -69.0
203.46185970306396 -61.0
203.6493182182312 -73.0
203.8307523727417 -68.0
204.8293969631195 -34.0
205.42560744285583 -18.0
205.6010160446167 -12.0
205.7779757976532 -6.0
205.95826768875122 1.0
206.13835072517395 4.0
206.32136607170105 6.0
206.72705054283142 17.0
206.9112250804901 22.0
207.56963324546814 45.0
208.5672914981842 51.0
212.38237762451172 90.0
214.25277042388916 27.0
214.4878911972046 23.0
214.72342586517334 35.0
214.9609818458557 31.0
215.20288562774658 13.0
215.41472148895264 9.0
215.5935926437378 3.0
215.7724380493164 2.0
215.95440673828125 2.0
216.50494480133057 -15.0
218.6357762813568 -24.0
218.8147850036621 -25.0
218.99561071395874 -24.0
219.35624384880066 -25.0
219.53938126564026 -25.0
219.71524786949158 -24.0
219.9403681755066 -25.0
220.3066906929016 -28.0
220.4903118610382 -27.0
220.6704456806183 -27.0
220.8526313304901 -25.0
222.34099411964417 -20.0
222.52065348625183 -13.0
222.7182114124298 -6.0
222.8989622592926 1.0
223.0866184234619 10.0
223.28128337860107 16.0
223.43252635002136 -1.0
223.6179702281952 24.0
223.78637146949768 13.0
223.9673457145691 32.0
224.36347723007202 45.0
224.56966161727905 28.0
225.33027410507202 74.0
225.69866466522217 68.0
226.64694690704346 73.0
226.85866713523865 77.0
227.08773231506348 79.0
227.31600975990295 79.0
227.49475479125977 79.0
227.72550988197327 76.0
227.9512116909027 83.0
228.1797342300415 86.0
228.35725736618042 87.0
228.58490872383118 86.0
229.02229022979736 76.0
229.25759172439575 74.0
229.7269744873047 44.0
229.96464085578918 55.0
230.20079803466797 51.0
230.402015209198 31.0
230.94775438308716 15.0
231.18887662887573 30.0
231.4208161830902 8.0
231.6600739955902 6.0
231.88711071014404 2.0
232.0760543346405 2.0
232.25548934936523 7.0
232.43420362472534 4.0
232.66959071159363 2.0
232.88328623771667 3.0
233.06899619102478 -6.0
233.24805283546448 -9.0
233.42788648605347 -12.0
233.60851573944092 -12.0
233.78907370567322 -12.0
234.20971870422363 -12.0
235.3986475467682 -16.0
235.57804465293884 -15.0
235.91323828697205 -14.0
238.5957486629486 -15.0
239.57262206077576 -16.0
240.35177612304688 -18.0
240.82316255569458 -18.0
241.006520986557 -17.0
241.18770265579224 -18.0
241.3605718612671 -19.0
241.7100429534912 -44.0
241.8968563079834 -22.0
242.90580677986145 -46.0
243.0751976966858 -47.0
243.25557947158813 -47.0
243.43404984474182 -62.0
243.77604293823242 -46.0
243.9498438835144 -46.0
244.1241900920868 -46.0
244.29578852653503 -60.0
244.47905492782593 -42.0
244.65805578231812 -42.0
244.85328722000122 -40.0
245.0386312007904 -37.0
245.2098090648651 -37.0
246.06729888916016 -18.0
246.2564136981964 -35.0
246.4363694190979 -16.0
246.61733484268188 -17.0
246.80072665214539 -13.0
247.0559458732605 -26.0
247.28259873390198 -27.0
247.4982466697693 -25.0
247.6776671409607 -25.0
247.8637294769287 -25.0
248.04540729522705 -25.0
248.22762298583984 -26.0
248.44562673568726 -26.0
248.62665104866028 -26.0
248.81404089927673 -27.0
249.04939198493958 -27.0
249.28466391563416 -28.0
249.52009654045105 -28.0
249.756694316864 -28.0
249.9942433834076 -28.0
250.17310118675232 -13.0
250.3528037071228 -29.0
250.56855607032776 -29.0
250.77576279640198 -28.0
250.98287749290466 -15.0
251.20989799499512 -15.0
251.40609049797058 -29.0
251.5883183479309 -15.0
251.7688865661621 -15.0
251.94276642799377 -19.0
252.11894416809082 -28.0
252.2964472770691 -33.0
252.5312261581421 -30.0
252.76504564285278 -23.0
252.96988248825073 -32.0
253.19959425926208 -31.0
253.38540291786194 -31.0
253.5676190853119 -32.0
253.7512242794037 -32.0
253.93351578712463 -31.0
254.11029815673828 -32.0
254.29078459739685 -34.0
254.51756191253662 -32.0
254.6985309123993 -32.0
254.88226556777954 -33.0
255.07152843475342 -33.0
255.3086609840393 -31.0
255.54778814315796 -34.0
255.7818386554718 -34.0
255.9656298160553 -35.0
256.20232248306274 -34.0
256.38337898254395 -33.0
256.6184480190277 -33.0
256.8442370891571 -33.0
257.0430905818939 -32.0
257.22526955604553 -35.0
257.4396131038666 -36.0
257.61721992492676 -22.0
257.79890513420105 -24.0
257.9815902709961 -21.0
258.16431879997253 -22.0
258.34548449516296 -35.0
258.5467064380646 -24.0
258.7274751663208 -24.0
258.9045784473419 -22.0
259.0629470348358 -35.0
259.24960231781006 -37.0
259.43241333961487 -23.0
259.60816621780396 -21.0
259.78353810310364 -23.0
259.93800115585327 -21.0
260.09232687950134 -37.0
260.2457466125488 -35.0
260.43553948402405 -33.0
260.6214737892151 -21.0
260.79650378227234 -33.0
260.97643184661865 -34.0
261.1550998687744 -34.0
261.33548188209534 -32.0
261.51059770584106 -32.0
261.69347310066223 -32.0
261.93673849105835 -34.0
262.1757025718689 -35.0
262.40826320648193 -35.0
262.5861849784851 -15.0
262.94732689857483 -40.0
263.1270205974579 -45.0
263.3118431568146 -45.0
263.57398295402527 -43.0
265.7701485157013 19.0
265.97011160850525 20.0
266.1785931587219 23.0
266.4055483341217 27.0
266.6091585159302 28.0
266.87337374687195 29.0
267.13628125190735 31.0
267.3500018119812 34.0
267.54017329216003 42.0
267.7223815917969 42.0
267.9404630661011 41.0
268.17740654945374 42.0
268.4151074886322 39.0
268.6557321548462 39.0
268.8573269844055 40.0
269.0721986293793 40.0
269.25845408439636 40.0
269.43647384643555 41.0
269.61893010139465 42.0
269.8461048603058 40.0
270.0758521556854 17.0
270.3005919456482 34.0
270.5167381763458 30.0
270.69753408432007 33.0
270.8764672279358 19.0
271.10671305656433 39.0
271.2909128665924 45.0
271.480331659317 68.0
271.7155034542084 74.0
271.92925810813904 56.0
272.1096796989441 58.0
272.2890877723694 60.0
272.4680595397949 71.0
272.623409986496 85.0
272.80077362060547 98.0
273.2461829185486 98.0
274.20517230033875 98.0
275.1549217700958 98.0
276.1104516983032 97.0
277.09725189208984 98.0
277.8741307258606 101.0
278.0507745742798 102.0
278.23264026641846 105.0
278.81084299087524 110.0
279.26274704933167 110.0
279.6221270561218 110.0
279.8416223526001 111.0
280.0713679790497 111.0
291.24046182632446 99.0
291.8803632259369 98.0
293.31702518463135 43.0
293.48801445961 34.0
293.7375044822693 25.0
294.0458867549896 27.0
294.3485312461853 27.0
294.61092019081116 27.0
294.8442373275757 27.0
295.0776607990265 9.0
295.39771151542664 26.0
295.67505526542664 26.0
295.8861129283905 25.0
296.1527488231659 27.0
296.43380641937256 26.0
296.6937391757965 26.0
297.02361154556274 26.0
297.2744517326355 11.0
297.5433449745178 44.0
297.7315483093262 36.0
297.92965364456177 32.0
298.1204764842987 28.0
298.31667971611023 7.0
298.5188229084015 23.0
298.7132124900818 0.0
298.90065121650696 0.0
299.0603070259094 0.0
299.2384102344513 5.0
299.4172718524933 -13.0
299.6311728954315 -14.0
299.8132872581482 -8.0
299.9911880493164 -8.0
300.17501401901245 -15.0
300.3650734424591 -38.0
300.5955913066864 -27.0
300.82368087768555 -30.0
301.0533332824707 -38.0
301.28695821762085 -42.0
301.49059224128723 -42.0
301.7003803253174 -45.0
301.93048906326294 -58.0
302.1408865451813 -54.0
302.3261339664459 -50.0
302.5150716304779 -64.0
302.7050793170929 -57.0
302.90636229515076 -64.0
303.09159421920776 -65.0
303.27228474617004 -58.0
303.45139956474304 -62.0
303.6314046382904 -64.0
303.8076882362366 -63.0
303.9852421283722 -64.0
304.16526460647583 -50.0
304.3713364601135 -64.0
304.6071753501892 -51.0
304.8254499435425 -51.0
305.00518894195557 -52.0
305.1866638660431 -52.0
305.3608932495117 -69.0
305.5839252471924 -52.0
305.8206522464752 -52.0
306.0337927341461 -59.0
306.21338748931885 -52.0
306.394677400589 -70.0
306.6258125305176 -51.0
306.8666534423828 -51.0
307.1028208732605 -51.0
307.33765149116516 -51.0
307.5637879371643 -69.0
307.7617425918579 -70.0
307.93809843063354 -52.0
308.12251687049866 -50.0
308.3250482082367 -50.0
308.56019353866577 -70.0
308.7937982082367 -50.0
308.97400188446045 -49.0
309.15543508529663 -48.0
309.3386878967285 -48.0
309.56958532333374 -71.0
309.7479934692383 -51.0
309.93333411216736 -53.0
310.12802386283875 -51.0
310.3291358947754 -48.0
310.56512784957886 -49.0
310.7660069465637 -41.0
310.94886898994446 -19.0
311.13915038108826 -31.0
311.37467312812805 -28.0
311.9508092403412 -27.0
312.9103937149048 -20.0
314.1498944759369 -19.0
315.0634026527405 -15.0
316.05706453323364 -13.0
316.57122111320496 -5.0
316.73392724990845 -3.0
316.8871908187866 0.0
317.07056307792664 3.0
317.26204013824463 9.0
317.4398808479309 12.0
317.6205508708954 14.0
317.814288854599 19.0
317.99816131591797 19.0
318.1850395202637 18.0
318.3688049316406 18.0
318.540239572525 17.0
318.7236943244934 16.0
318.95278549194336 17.0
319.1858642101288 16.0
319.41905307769775 16.0
319.658775806427 15.0
319.89454340934753 -1.0
320.1325681209564 13.0
320.3663697242737 15.0
320.55724835395813 15.0
320.7378418445587 13.0
320.9169361591339 13.0
321.10517048835754 12.0
321.2832672595978 11.0
321.4845895767212 15.0
321.6663737297058 14.0
321.84277057647705 14.0
322.04202246665955 14.0
322.26919865608215 14.0
322.45183992385864 15.0
322.6295142173767 16.0
322.8774251937866 15.0
323.05916810035706 13.0
323.29134249687195 17.0
323.4826831817627 16.0
323.66856241226196 19.0
323.862521648407 19.0
324.0994930267334 19.0
324.3374161720276 19.0
324.572957277298 20.0
324.7876944541931 0.0
324.98360538482666 0.0
325.2221534252167 1.0
325.4595730304718 20.0
325.67029762268066 19.0
325.85344314575195 20.0
326.03357458114624 20.0
326.24540543556213 21.0
326.47790718078613 20.0
326.7090857028961 19.0
326.8988871574402 20.0
327.1355106830597 11.0
327.37044882774353 12.0
327.5591766834259 2.0
327.74148392677307 19.0
327.8980612754822 6.0
328.0513126850128 15.0
328.23634099960327 15.0
328.39953327178955 18.0
328.5508918762207 19.0
328.7362768650055 3.0
328.9176700115204 11.0
329.13047885894775 19.0
329.3163526058197 19.0
329.495893239975 18.0
329.67911195755005 19.0
329.86111283302307 17.0
330.04419779777527 17.0
330.2799575328827 18.0
330.51691699028015 19.0
330.75439453125 20.0
330.9951026439667 18.0
331.2301893234253 17.0
331.4631690979004 18.0
331.6916718482971 19.0
331.8829870223999 17.0
332.11461782455444 18.0
332.34185242652893 17.0
332.58216309547424 17.0
332.7610468864441 18.0
332.94064593315125 16.0
333.12869572639465 17.0
333.31657361984253 17.0
333.49718618392944 1.0
333.681045293808 4.0
333.85947275161743 1.0
334.0394699573517 18.0
334.2605628967285 1.0
334.4360251426697 1.0
334.6168556213379 3.0
334.8545198440552 1.0
335.08346033096313 2.0
335.2712559700012 1.0
335.4969530105591 17.0
335.6886188983917 18.0
335.8702321052551 17.0
336.09767389297485 17.0
336.33574962615967 16.0
336.56350231170654 15.0
336.79153966903687 16.0
336.97831296920776 15.0
337.15596294403076 16.0
337.34329557418823 16.0
337.5781338214874 17.0
337.8092052936554 15.0
337.99116945266724 16.0
338.1845178604126 16.0
338.41597032546997 3.0
338.64973282814026 16.0
338.8835835456848 16.0
339.11163878440857 16.0
339.3387951850891 4.0
339.569132566452 1.0
339.7986013889313 0.0
340.02363657951355 11.0
340.2304275035858 0.0
340.41063499450684 16.0
340.58780217170715 0.0
340.7640516757965 16.0
340.9385635852814 14.0
341.1159551143646 16.0
341.28836941719055 17.0
341.4656710624695 18.0
341.64805698394775 14.0
341.83687114715576 17.0
342.0107567310333 17.0
342.9448220729828 12.0
343.78745889663696 8.0
344.16248965263367 4.0
344.3442211151123 10.0
344.5230007171631 6.0
344.6995611190796 5.0
344.8861892223358 5.0
345.06329560279846 4.0
345.23703813552856 4.0
345.416047334671 0.0
345.623904466629 -1.0
345.8524672985077 -2.0
346.08161878585815 -3.0
346.3151845932007 -1.0
346.54386949539185 -5.0
346.7766852378845 -5.0
347.0036025047302 -6.0
347.2345449924469 -6.0
347.4708468914032 -4.0
347.690767288208 -5.0
347.9248173236847 -6.0
348.1578586101532 -8.0
348.3728048801422 -8.0
348.60143065452576 -7.0
348.8350167274475 -10.0
349.0673644542694 -10.0
349.29742097854614 -11.0
349.58816170692444 -11.0
349.8258624076843 -10.0
350.06157970428467 -12.0
350.2845079898834 -12.0
350.46170687675476 -12.0
350.6762206554413 -13.0
350.857177734375 -11.0
351.08976459503174 -12.0
351.3267378807068 -13.0
351.5638449192047 -13.0
351.79043078422546 -12.0
351.96968626976013 -9.0
352.1541795730591 -10.0
352.34664392471313 -8.0
352.5329415798187 -8.0
352.76182651519775 -8.0
352.99048709869385 -4.0
353.2207176685333 -7.0
353.4471297264099 -7.0
353.6458661556244 -7.0
353.8261640071869 -7.0
354.06301951408386 -5.0
354.2650713920593 -6.0
354.44815039634705 -4.0
354.6357378959656 -4.0
354.84512972831726 -4.0
355.0228319168091 0.0
355.2021210193634 -5.0
355.39302349090576 -4.0
355.55779123306274 -6.0
355.7117643356323 -7.0
355.86158895492554 -10.0
356.02031111717224 -11.0
356.1708183288574 -12.0
356.35828280448914 -14.0
356.54245352745056 -14.0
356.71981930732727 -14.0
356.9004876613617 -15.0
357.07901310920715 -15.0
357.2693519592285 -15.0
357.45100688934326 -16.0
357.632474899292 -16.0
357.81867814064026 -17.0
357.9985456466675 -18.0
358.7083876132965 -20.0
359.5930850505829 -22.0
360.1549060344696 -22.0
360.374306678772 -23.0
360.60284543037415 -21.0
360.835218667984 -20.0
361.06751322746277 -23.0
361.299932718277 -24.0
361.5343894958496 -23.0
361.76802468299866 -22.0
361.9969584941864 -19.0
362.1900222301483 -19.0
362.4252438545227 -19.0
362.65263319015503 -18.0
362.87982511520386 -18.0
363.1091876029968 -18.0
363.3340120315552 -18.0
363.56158471107483 -19.0
363.7885317802429 -18.0
364.0071220397949 -18.0
364.1890649795532 -18.0
364.3684871196747 -18.0
364.5483922958374 -18.0
364.7829029560089 -16.0
364.99419355392456 -16.0
365.17253041267395 -15.0
365.3496837615967 -15.0
365.5800108909607 -14.0
365.81503319740295 -13.0
366.03928685188293 -13.0
366.2181828022003 -14.0
366.40001678466797 -15.0
366.62864875793457 -16.0
366.8244273662567 -17.0
367.00384402275085 -18.0
367.1856195926666 -20.0
367.36620259284973 -21.0
367.5521354675293 -22.0
367.7787251472473 -22.0
367.9826376438141 -23.0
368.21598529815674 -23.0
368.5064740180969 -22.0
368.82310605049133 -23.0
369.1397099494934 -23.0
369.4560811519623 -22.0
369.76780581474304 -22.0
370.0092399120331 -22.0
370.2432487010956 -22.0
370.4525730609894 -21.0
370.65242195129395 -21.0
370.8607597351074 -21.0
371.12293887138367 -21.0
371.356383562088 -20.0
371.5555970668793 -20.0
371.75574707984924 -21.0
371.95445108413696 -20.0
372.22634077072144 -20.0
372.71383237838745 -20.0
373.6989619731903 -20.0
374.6689729690552 -20.0
375.65667057037354 -20.0
376.52761340141296 -20.0
377.2751474380493 -20.0
377.452023267746 -20.0
377.628741979599 -20.0
377.8226857185364 -20.0
377.9837763309479 -19.0
378.14304399490356 -18.0
378.31443428993225 -19.0
378.49318194389343 -20.0
378.6741316318512 -20.0
378.84859347343445 -21.0
379.0018050670624 -16.0
379.1607325077057 -16.0
379.33217096328735 -33.0
379.50741720199585 -17.0
379.67789006233215 -16.0
379.84875535964966 -5.0
380.0366575717926 -16.0
