13.056481838226318 -41.0
13.26733112335205 -53.0
13.44459342956543 -53.0
17.538350820541382 -73.0
18.875242233276367 -69.0
19.111968278884888 -73.0
19.3490252494812 -61.0
19.574169397354126 -60.0
20.16718578338623 -69.0
20.35633397102356 -65.0
20.54405903816223 -69.0
20.725910902023315 -64.0
20.9375422000885 -79.0
21.132818460464478 -71.0
21.697185754776 -71.0
22.755314588546753 -84.0
23.19938611984253 -68.0
23.664303064346313 -68.0
23.905998706817627 -84.0
24.870057582855225 -87.0
28.078423976898193 -93.0
28.316874742507935 -88.0
28.55631923675537 -76.0
28.79448390007019 -86.0
29.029288053512573 -72.0
29.260167598724365 -96.0
29.45352053642273 -96.0
29.639100551605225 -94.0
29.837347745895386 -97.0
30.21197772026062 -95.0
30.452366590499878 -95.0
30.856462240219116 -72.0
31.259378910064697 -96.0
31.490707635879517 -96.0
31.72104024887085 -97.0
31.967867374420166 -99.0
32.36847114562988 -99.0
32.55360794067383 -99.0
32.739514112472534 -101.0
32.94468379020691 -98.0
33.12778067588806 -99.0
33.31314396858215 -100.0
33.490724325180054 -98.0
33.67220854759216 -101.0
33.86321401596069 -97.0
34.10008525848389 -95.0
34.33182978630066 -98.0
34.5430064201355 -98.0
34.734358072280884 -97.0
34.92031168937683 -96.0
35.28238606452942 -91.0
35.49550724029541 -92.0
40.195085525512695 -26.0
40.37794876098633 -31.0
40.56181836128235 -24.0
40.743945837020874 -13.0
40.97765374183655 -16.0
41.2181134223938 -11.0
41.450785636901855 -6.0
41.63497304916382 -3.0
41.86347484588623 -3.0
42.04678249359131 -4.0
42.22881841659546 -7.0
42.46328592300415 -1.0
42.65091609954834 0.0
42.83104872703552 1.0
43.18446230888367 9.0
43.53771495819092 7.0
44.06796622276306 12.0
44.255828619003296 14.0
44.43508768081665 18.0
44.65762972831726 20.0
45.23439860343933 12.0
45.411677837371826 14.0
46.46755266189575 27.0
46.77522540092468 30.0
47.221970319747925 35.0
47.40986180305481 42.0
47.595428466796875 44.0
47.78044152259827 42.0
51.71284747123718 48.0
52.1249053478241 49.0
52.31208086013794 46.0
52.5067253112793 46.0
52.695937156677246 47.0
56.5364248752594 51.0
56.770808935165405 77.0
56.99900484085083 77.0
57.23354363441467 52.0
57.47641372680664 77.0
57.69435262680054 77.0
57.882713317871094 58.0
58.06239175796509 57.0
58.24983859062195 56.0
58.42533206939697 30.0
58.60289216041565 60.0
58.784844398498535 61.0
58.971702575683594 61.0
59.14683747291565 59.0
59.32477426528931 62.0
59.512202739715576 62.0
59.68962836265564 62.0
59.92433571815491 82.0
60.16581916809082 82.0
60.352131605148315 84.0
60.5714385509491 84.0
60.75265884399414 83.0
60.93170881271362 80.0
61.115726470947266 61.0
61.34528207778931 80.0
61.57634210586548 60.0
61.81104779243469 60.0
62.24334502220154 55.0
62.639994621276855 51.0
62.825706243515015 68.0
63.00153303146362 68.0
64.31645226478577 52.0
64.51848602294922 52.0
64.75924396514893 49.0
64.9952483177185 34.0
65.67073154449463 25.0
65.85757184028625 21.0
66.09651970863342 19.0
66.46654176712036 21.0
80.71329593658447 -112.0
80.94134187698364 -111.0
81.16851139068604 -110.0
81.40199136734009 -107.0
81.8414261341095 -76.0
82.4919593334198 -84.0
82.72588062286377 -100.0
83.12763500213623 -73.0
83.725506067276 -92.0
83.90969109535217 -68.0
84.09479641914368 -68.0
84.64849758148193 -82.0
85.18288016319275 -71.0
85.36826705932617 -67.0
85.5978319644928 -62.0
85.82106399536133 -59.0
86.00839591026306 -55.0
86.19529628753662 -51.0
86.42798256874084 -44.0
86.86657977104187 -36.0
87.22799587249756 -29.0
87.4119484424591 -27.0
87.78014850616455 -17.0
87.96251177787781 -16.0
88.17868137359619 -13.0
89.0274863243103 5.0
89.25496315956116 5.0
89.46020340919495 9.0
89.92624735832214 1.0
90.13281178474426 2.0
90.48544383049011 12.0
90.83770847320557 14.0
92.15505361557007 43.0
92.39548945426941 44.0
92.63493061065674 67.0
93.055992603302 56.0
93.28614068031311 58.0
93.5200400352478 62.0
93.75048208236694 64.0
94.1429808139801 72.0
94.57085585594177 75.0
94.80872774124146 78.0
95.03567123413086 79.0
95.25856924057007 102.0
95.45606136322021 103.0
95.63374209403992 109.0
95.8197386264801 112.0
96.00436997413635 52.0
96.18485951423645 112.0
96.37621116638184 116.0
96.56586384773254 117.0
96.79619908332825 115.0
97.22890090942383 116.0
97.41472721099854 120.0
97.59839296340942 120.0
97.7860357761383 121.0
98.14873218536377 123.0
98.33725142478943 124.0
98.57877278327942 126.0
98.81905245780945 126.0
99.01043844223022 124.0
99.19636273384094 126.0
99.42397594451904 125.0
99.60732793807983 125.0
99.83734130859375 126.0
100.02807021141052 125.0
100.20550656318665 127.0
100.38900065422058 127.0
100.57846665382385 127.0
100.78706860542297 127.0
101.01791596412659 126.0
101.25335025787354 128.0
101.44206619262695 128.0
101.63318109512329 127.0
101.86481475830078 128.0
102.09808731079102 126.0
102.33262896537781 127.0
102.57371068000793 127.0
102.81099891662598 127.0
103.05265212059021 126.0
103.28944158554077 124.0
103.5280408859253 124.0
103.75923442840576 124.0
103.9967679977417 123.0
104.24862265586853 122.0
104.46464252471924 122.0
104.6449863910675 122.0
104.88008546829224 121.0
105.11449790000916 121.0
105.35710597038269 120.0
105.99519896507263 118.0
106.18415307998657 118.0
106.34613037109375 118.0
106.51369667053223 116.0
106.6779887676239 115.0
106.85926651954651 83.0
107.02841758728027 90.0
107.1837067604065 89.0
107.54757833480835 88.0
107.72171068191528 87.0
107.89968705177307 87.0
108.07865166664124 84.0
116.24132537841797 -17.0
116.43119883537292 -17.0
116.63852906227112 -22.0
116.82064819335938 -1.0
116.99869537353516 -6.0
117.18936944007874 -9.0
117.36881804466248 -26.0
117.54006958007812 -18.0
117.72455501556396 -33.0
117.90824222564697 -31.0
118.11184406280518 -28.0
118.34967184066772 -60.0
118.58011221885681 -59.0
118.76484274864197 -64.0
118.94211220741272 -69.0
119.13914442062378 -76.0
119.36713290214539 -78.0
119.54582834243774 -75.0
119.73271465301514 -82.0
119.91753435134888 -71.0
120.1026782989502 -73.0
120.28767943382263 -85.0
120.48420643806458 -60.0
120.66723299026489 -96.0
120.87715935707092 -84.0
121.11136937141418 -99.0
121.3385374546051 -96.0
121.56358528137207 -82.0
121.80069351196289 -85.0
121.98836827278137 -83.0
122.17496728897095 -79.0
122.4141731262207 -85.0
122.64810347557068 -98.0
122.84549403190613 -102.0
123.01996350288391 -103.0
123.24932861328125 -94.0
123.42850995063782 -108.0
123.59432888031006 -88.0
123.75986933708191 -90.0
123.93817448616028 -90.0
124.12301969528198 -92.0
124.51478242874146 -89.0
124.70973467826843 -91.0
125.90987133979797 -115.0
127.14855861663818 -103.0
128.03824925422668 -91.0
129.45028424263 -94.0
130.2290210723877 -100.0
131.18887495994568 -55.0
133.03164672851562 -16.0
133.2695333957672 -13.0
133.4945342540741 -2.0
133.67105054855347 -11.0
133.84870672225952 -14.0
134.0293140411377 -17.0
134.21730279922485 -19.0
134.69515752792358 -12.0
134.93499898910522 -11.0
135.1442995071411 -11.0
135.33214354515076 -11.0
135.78732800483704 -14.0
136.01852703094482 -12.0
136.2106740474701 -13.0
136.40612602233887 -10.0
136.64987325668335 -11.0
136.8915822505951 -11.0
137.13211631774902 -15.0
137.37174582481384 -16.0
137.5531303882599 -15.0
137.7268009185791 -16.0
137.90449380874634 -13.0
138.12326097488403 -19.0
138.30664443969727 -20.0
138.4933795928955 -20.0
138.67228484153748 -21.0
138.85309195518494 -18.0
139.0370898246765 -24.0
139.26046109199524 -24.0
139.48814368247986 -23.0
139.66289615631104 -26.0
139.8588104248047 -22.0
140.02289128303528 -25.0
140.20544695854187 -27.0
140.40377712249756 -27.0
140.59242987632751 -30.0
140.77306866645813 -39.0
140.9631564617157 -32.0
141.1417031288147 -32.0
141.29698705673218 -33.0
141.4738848209381 -35.0
141.67448616027832 -42.0
141.8730766773224 -59.0
142.05355644226074 -52.0
142.2311556339264 -56.0
142.4263699054718 -61.0
142.6124975681305 -64.0
142.79810070991516 -79.0
142.98123121261597 -82.0
143.16648840904236 -84.0
143.37688207626343 -86.0
143.56087923049927 -86.0
143.74689388275146 -89.0
143.97205877304077 -89.0
144.1470649242401 -93.0
144.32397365570068 -87.0
144.54330396652222 -97.0
144.77023243904114 -82.0
144.96386456489563 -106.0
145.14683771133423 -109.0
145.3823254108429 -112.0
145.62483739852905 -105.0
145.8644664287567 -115.0
146.10292792320251 -117.0
146.3408465385437 -121.0
146.5426971912384 -120.0
146.7323386669159 -119.0
146.91356945037842 -123.0
147.1463816165924 -124.0
147.38404512405396 -125.0
147.5860517024994 -125.0
147.82617330551147 -125.0
148.01151633262634 -125.0
148.20176434516907 -126.0
148.38375520706177 -126.0
148.57079076766968 -125.0
149.0528862476349 -125.0
149.2798788547516 -122.0
149.51224422454834 -124.0
149.72422862052917 -125.0
149.9087221622467 -120.0
150.1479594707489 -124.0
153.01573085784912 -124.0
153.19649863243103 -125.0
153.4390730857849 -125.0
153.65475702285767 -124.0
153.88349080085754 -96.0
154.06440782546997 -124.0
154.2454800605774 -99.0
154.42760825157166 -125.0
154.64528012275696 -125.0
154.83080983161926 -125.0
155.03414058685303 -103.0
155.2680380344391 -125.0
155.44541668891907 -125.0
155.65529537200928 -125.0
155.8326072692871 -125.0
156.01249361038208 -124.0
156.1966781616211 -125.0
156.37154912948608 -125.0
156.5448513031006 -125.0
156.76188206672668 -125.0
156.94180631637573 -124.0
157.1216173171997 -125.0
157.30246710777283 -126.0
157.48124527931213 -126.0
157.6650459766388 -126.0
157.87345147132874 -125.0
158.0622169971466 -125.0
158.3090283870697 -125.0
158.55783247947693 -126.0
158.73918175697327 -126.0
158.9128680229187 -124.0
159.14150643348694 -126.0
159.37582445144653 -125.0
159.58536624908447 -126.0
159.7657926082611 -125.0
159.99124550819397 -125.0
160.22248196601868 -126.0
160.44380164146423 -125.0
160.65967345237732 -126.0
160.90179705619812 -126.0
161.13314867019653 -122.0
161.3725881576538 -126.0
161.5631401538849 -125.0
161.74994134902954 -125.0
161.92512130737305 -125.0
162.10049867630005 -124.0
162.2830147743225 -125.0
162.73138880729675 -125.0
162.91490507125854 -125.0
163.09320497512817 -124.0
163.27548003196716 -125.0
163.64864349365234 -125.0
163.83865094184875 -125.0
164.08201718330383 -124.0
164.3004560470581 -125.0
164.52853727340698 -124.0
164.97858476638794 -125.0
165.15756583213806 -124.0
165.3413324356079 -124.0
165.5252366065979 -93.0
165.73552536964417 -93.0
165.96700024604797 -84.0
166.19055843353271 -90.0
166.37120461463928 -89.0
166.60694909095764 -89.0
166.84611654281616 -88.0
167.08705687522888 -87.0
167.32678866386414 -94.0
167.56672549247742 -84.0
167.81073021888733 -80.0
168.05489253997803 -82.0
168.29751300811768 -78.0
168.5115864276886 -75.0
168.72668266296387 -74.0
168.95707607269287 -73.0
169.13879132270813 -73.0
169.34699535369873 -72.0
169.57193541526794 -69.0
169.77503991127014 -72.0
169.95589423179626 -41.0
170.18209981918335 -45.0
170.40284967422485 -44.0
170.583744764328 -60.0
170.7690134048462 -43.0
170.9520070552826 -40.0
171.1375572681427 -39.0
171.31843304634094 -35.0
171.55752062797546 -40.0
171.74097514152527 -34.0
171.97640419006348 -34.0
172.21027159690857 -35.0
172.39592003822327 -35.0
172.58744931221008 -36.0
172.8034200668335 -31.0
172.9890570640564 -27.0
173.19928073883057 -26.0
173.38593196868896 -25.0
173.57193779945374 -20.0
173.7548794746399 -14.0
173.94313597679138 -11.0
174.09416103363037 -10.0
174.25513792037964 -3.0
174.43775081634521 -2.0
174.62530517578125 1.0
174.7994704246521 4.0
174.98116302490234 15.0
175.1662561893463 18.0
175.3417408466339 15.0
175.53087282180786 18.0
175.693124294281 19.0
175.86190104484558 20.0
176.0391240119934 20.0
176.22553181648254 17.0
176.45165085792542 15.0
176.67651677131653 17.0
176.8845784664154 19.0
177.1209580898285 20.0
177.35203409194946 19.0
177.56270146369934 21.0
177.7988920211792 24.0
178.04142236709595 26.0
178.26587796211243 29.0
178.4533224105835 31.0
178.63751983642578 31.0
178.81950521469116 34.0
179.01014256477356 37.0
179.20190238952637 39.0
179.37825393676758 42.0
179.6198170185089 44.0
179.8491291999817 48.0
180.05536937713623 50.0
180.2388894557953 4.0
180.48255515098572 82.0
180.72386527061462 65.0
180.93814301490784 67.0
181.11993932724 71.0
181.31829071044922 64.0
181.54983472824097 125.0
181.7831220626831 126.0
182.00580883026123 125.0
182.18421030044556 125.0
182.37962698936462 105.0
182.57630801200867 105.0
182.77192521095276 105.0
182.95685529708862 105.0
183.1360960006714 105.0
183.36705255508423 105.0
183.5583758354187 105.0
183.73457217216492 105.0
183.96460604667664 105.0
184.2019600868225 105.0
184.39060831069946 105.0
186.2623312473297 145.0
203.12699103355408 126.0
203.30604338645935 126.0
203.6741280555725 148.0
203.87903952598572 146.0
204.08425855636597 146.0
204.2667429447174 145.0
204.45009922981262 142.0
204.6358106136322 141.0
204.85920643806458 138.0
205.0739598274231 138.0
205.26076531410217 135.0
205.49565768241882 134.0
205.72820687294006 134.0
205.95889234542847 131.0
206.18522262573242 129.0
206.36050391197205 129.0
206.5670816898346 129.0
206.76364970207214 127.0
206.98762226104736 125.0
207.21100640296936 126.0
207.4441750049591 126.0
207.6805169582367 126.0
207.91477012634277 126.0
208.14776277542114 124.0
208.38371109962463 126.0
208.61561512947083 126.0
208.81510210037231 126.0
209.04985642433167 125.0
209.2917718887329 125.0
209.53094363212585 104.0
209.7489893436432 74.0
209.98982882499695 73.0
210.1734344959259 73.0
210.35300874710083 71.0
210.52702355384827 70.0
210.7070550918579 67.0
210.90695977210999 68.0
211.14840054512024 64.0
211.3364930152893 82.0
211.56622791290283 81.0
211.7994201183319 79.0
212.03850388526917 68.0
212.27225518226624 80.0
212.45178818702698 85.0
212.63665986061096 67.0
212.81927919387817 90.0
212.9775698184967 88.0
213.16228818893433 94.0
213.34307837486267 96.0
213.57725262641907 100.0
213.8013825416565 77.0
213.99028825759888 77.0
214.172465801239 79.0
214.35056567192078 64.0
214.5333878993988 126.0
214.71488666534424 126.0
214.89970541000366 126.0
215.0831320285797 126.0
215.3174147605896 125.0
215.54743313789368 125.0
215.72918844223022 125.0
215.90808391571045 126.0
216.13131737709045 126.0
216.36189579963684 126.0
216.59585189819336 127.0
216.77824473381042 129.0
217.01028680801392 129.0
217.18990635871887 131.0
217.37595319747925 131.0
217.56393384933472 133.0
217.74823093414307 138.0
217.9489712715149 138.0
218.13949847221375 139.0
218.37533950805664 140.0
218.59483289718628 121.0
218.78724765777588 145.0
219.01408433914185 147.0
219.24670934677124 148.0
219.48725652694702 128.0
225.74108624458313 147.0
225.92747592926025 146.0
226.1123173236847 144.0
226.29312944412231 141.0
226.47788095474243 139.0
226.65980339050293 138.0
226.8504502773285 137.0
227.0318465232849 136.0
227.25975155830383 132.0
227.48816180229187 131.0
227.68663239479065 130.0
227.91333985328674 129.0
228.1412796974182 128.0
228.37060475349426 125.0
228.61034536361694 126.0
228.8451898097992 126.0
229.07838106155396 126.0
229.2912459373474 126.0
229.52992248535156 124.0
229.7127013206482 126.0
229.88738560676575 126.0
230.1154522895813 126.0
230.3399863243103 125.0
230.5186231136322 125.0
230.69791960716248 48.0
230.90896558761597 126.0
231.1512131690979 126.0
231.388747215271 125.0
231.6334888935089 74.0
231.87941694259644 125.0
232.12343311309814 125.0
232.35483193397522 126.0
232.59461569786072 126.0
232.82939505577087 126.0
233.0197274684906 126.0
233.25529599189758 126.0
233.438791513443 126.0
233.6236116886139 126.0
233.79905819892883 126.0
233.96841549873352 126.0
234.1250569820404 126.0
234.2901201248169 126.0
234.48246264457703 126.0
234.63805413246155 126.0
234.82198214530945 126.0
235.06089854240417 126.0
235.2943193912506 126.0
235.53417205810547 126.0
235.7686266899109 126.0
236.01047372817993 126.0
236.2388927936554 126.0
236.472589969635 127.0
236.6732861995697 127.0
236.86651754379272 127.0
237.0482623577118 127.0
237.22712802886963 126.0
237.4076910018921 127.0
237.58790469169617 128.0
237.81181025505066 129.0
238.0554473400116 129.0
238.29394555091858 129.0
238.53125667572021 128.0
238.75569319725037 131.0
238.99306464195251 129.0
239.2237424850464 132.0
239.42750191688538 133.0
239.66556429862976 134.0
239.8952558040619 136.0
240.15435433387756 136.0
240.39715218544006 137.0
240.62993097305298 138.0
240.8078179359436 138.0
240.9913444519043 139.0
241.17511177062988 139.0
241.35737204551697 140.0
241.53907871246338 141.0
241.71762204170227 142.0
241.94749641418457 142.0
242.1842064857483 143.0
242.4206759929657 143.0
242.60748600959778 144.0
242.78741455078125 145.0
242.9702799320221 146.0
243.14723300933838 146.0
243.33331418037415 147.0
243.56038284301758 148.0
243.74588203430176 149.0
243.93556332588196 149.0
244.1812014579773 150.0
244.3784680366516 151.0
244.55623531341553 151.0
244.74938678741455 152.0
282.95883083343506 150.0
283.19180846214294 149.0
283.39317536354065 148.0
283.7476406097412 143.0
283.91065406799316 141.0
284.0782346725464 139.0
284.2944242954254 137.0
284.5271272659302 136.0
284.77105832099915 134.0
284.99308824539185 134.0
285.18113231658936 129.0
285.4228048324585 127.0
285.661660194397 128.0
285.83757734298706 127.0
286.089430809021 126.0
286.3463156223297 125.0
286.57710456848145 125.0
286.78089356422424 124.0
286.9705812931061 125.0
287.1552679538727 125.0
287.3481538295746 119.0
287.59165143966675 118.0
287.78878021240234 118.0
287.97366857528687 39.0
288.19095849990845 38.0
288.40707635879517 70.0
288.61613273620605 69.0
288.8518896102905 54.0
289.08520102500916 57.0
289.33779096603394 55.0
289.59685945510864 59.0
290.01130294799805 49.0
290.19135761260986 49.0
290.4523630142212 46.0
290.7854390144348 43.0
291.0455393791199 42.0
291.3041512966156 40.0
291.4975860118866 39.0
291.6819677352905 36.0
291.8690752983093 1.0
292.05958008766174 -1.0
292.24261689186096 -1.0
292.42880940437317 -2.0
292.6730749607086 -2.0
292.88214921951294 -2.0
293.0778160095215 -2.0
293.25408458709717 -1.0
293.4440453052521 -1.0
293.64069867134094 -1.0
293.8255515098572 -1.0
294.00804567337036 -1.0
294.2247111797333 -1.0
294.41356205940247 -1.0
294.5941951274872 -1.0
294.77120065689087 -1.0
295.0062906742096 -1.0
295.24106097221375 -2.0
295.4791178703308 -2.0
295.7024109363556 -1.0
295.87567687034607 -1.0
296.05804109573364 0.0
296.2456111907959 -1.0
296.4754424095154 -1.0
296.71459698677063 -1.0
296.94610047340393 -1.0
297.1788556575775 -1.0
297.4061985015869 30.0
297.5842185020447 28.0
297.7558889389038 27.0
297.93337416648865 0.0
298.117627620697 22.0
298.31130290031433 23.0
298.52735447883606 20.0
298.760427236557 15.0
299.1427834033966 20.0
299.32385063171387 1.0
299.5104203224182 3.0
