2.4734878540039062 103.46496991735899
2.788012981414795 103.73041983911952
3.0982580184936523 103.73041983911952
3.4215893745422363 54.20332093147061
3.728034734725952 53.41348144429457
4.017300605773926 52.20153254455275
4.281846761703491 103.73041983911952
4.5325353145599365 49.09175083453431
4.777486801147461 60.08327554319921
5.035256624221802 59.464274989274024
5.340654611587524 71.34423592694787
6.6298863887786865 53.075418038862395
7.9193150997161865 53.075418038862395
8.204015970230103 50.21951811795888
8.766973733901978 101.54801819828883
9.040943145751953 99.64436762808022
9.35410475730896 96.25487000666512
10.479638576507568 103.85566907973777
10.753763198852539 107.71258050942797
11.32299256324768 102.61578825892242
11.615190982818604 94.2019108086455
11.909845113754272 78.0
12.181374788284302 95.4148835350125
12.422227621078491 96.79876032264049
12.670412540435791 97.9081201943945
12.897815227508545 100.68763578513501
14.681226015090942 46.04345773288535
16.782057523727417 24.596747752497688
18.074011087417603 34.713109915419565
18.40376043319702 51.22499389946279
18.755396842956543 107.33592129385204
19.068305253982544 139.8177385026664
25.780771255493164 119.81652640600127
26.18377995491028 112.76967677527502
26.51998996734619 108.24047302187847
28.29520344734192 45.45327270945405
29.571366548538208 40.8166632639171
30.86681342124939 38.48376280978771
32.26507306098938 38.91015291668744
34.37456822395325 42.01190307520001
35.654128313064575 40.8166632639171
36.95319843292236 42.720018726587654
37.52194404602051 60.802960454241045
37.81755042076111 60.802960454241045
38.11967372894287 59.64059020499378
38.404524087905884 101.01980003939822
38.6921820640564 93.74433316206373
38.97526025772095 57.688820407423826
39.27752327919006 55.80322571321482
39.57340598106384 59.20304046246274
39.869476556777954 60.0
40.17076778411865 60.0
40.45575761795044 61.40032573203501
40.715725898742676 61.40032573203501
40.99747347831726 93.60555539069249
41.27980041503906 60.21627686929839
41.546348571777344 91.02197536858887
41.804545402526855 58.83026432033091
42.05783033370972 56.43580423808985
42.30113768577576 56.79788728465171
43.12905478477478 79.07591289387686
44.235403537750244 112.37882362794157
44.50872182846069 115.44695751729449
45.02472639083862 123.01625908797584
45.284878730773926 126.19429464123962
45.55531334877014 130.38404810405297
45.845433950424194 136.48809471891678
46.127968549728394 141.69333082400175
46.40915274620056 139.2838827718412
46.69006538391113 138.9280389266328
46.96880221366882 138.57849761056005
47.24751424789429 138.23530663329106
47.49951529502869 138.84163640637487
47.753113985061646 137.87675656179326
48.13457369804382 138.6001443000692
48.40788984298706 137.27709204379295
48.77557611465454 137.10215169719257
49.3773250579834 134.5362404707371
49.65671634674072 133.09395177843356
49.95158672332764 133.06013678032951
50.272621393203735 132.45754036671525
50.62586712837219 128.5496013218244
50.884666442871094 132.00378782444085
51.18010091781616 132.43866504914644
51.53778696060181 133.15029102484155
51.90968894958496 127.01574705523721
52.217461824417114 127.26350615946427
52.50924777984619 133.71985641631537
52.777729511260986 125.93649193144932
53.07026386260986 126.19429464123962
55.590885639190674 97.59098319004681
55.86593699455261 60.60528029800704
56.169671297073364 57.201398584300364
59.56755208969116 133.73481222179961
60.26555585861206 135.79396157414365
60.595160245895386 137.17871555019022
60.934773683547974 136.4734406395618
61.47711968421936 137.18600511714013
62.110158920288086 121.82364302548172
62.37012720108032 115.42096863222038
62.6756432056427 114.20157617125956
63.03680634498596 113.6001760562016
64.5914535522461 120.6731121667126
64.92743039131165 116.01724009818541
71.47935485839844 8.54400374531753
72.80286145210266 3.0
74.07740664482117 26.30589287593181
75.38749146461487 28.0178514522438
76.67923903465271 28.0178514522438
77.94700980186462 27.16615541441225
79.23811054229736 27.0
80.52148413658142 28.071337695236398
81.84352993965149 28.160255680657446
83.12364792823792 27.073972741361768
