1.8773746490478516 84.21995013059554
2.128797769546509 83.60023923410746
2.3620665073394775 85.0
2.582613945007324 86.6083136886985
2.8223793506622314 86.83893136145792
3.079205274581909 98.11218069128827
3.3342928886413574 99.12618221237011
3.5749599933624268 100.34440691936945
3.824817657470703 88.23264701911646
4.088750839233398 87.65842800324451
4.363765239715576 108.45275469069469
4.608645439147949 93.72299611087985
4.852270603179932 122.44182292011173
5.11881685256958 123.90722335683259
5.380267143249512 121.26417442921878
5.630917310714722 140.0071426749364
5.8836669921875 137.18600511714013
6.123618125915527 89.10667763978185
6.370193719863892 96.02083107326243
6.618623733520508 104.66135867644753
6.866742134094238 76.92203845452875
7.863464593887329 64.38167441127949
8.161739349365234 79.62411694957753
8.455909252166748 90.93404203047393
8.768368482589722 89.08984229416954
9.072116374969482 91.2414379544733
9.403741836547852 101.51354589413178
11.265867710113525 105.54619841567009
11.552431344985962 97.94896630388705
11.910728693008423 94.33981132056604
12.207644939422607 83.73768566183328
12.518716096878052 81.32035415564789
12.829340696334839 80.72174428244226
13.187322616577148 84.29116205154607
13.455680847167969 87.04596486914255
13.766491889953613 91.92388155425118
14.060249090194702 92.69843580125827
14.398675203323364 97.082439194738
14.701268196105957 95.75489543621255
15.011398077011108 96.84007434941384
15.355005741119385 101.39033484509261
18.15463948249817 101.23734488813898
19.049890756607056 134.03357788255897
19.39954686164856 120.65239326262865
19.70104193687439 126.1269202034205
20.041308879852295 121.31364309095659
20.32362961769104 117.66052864066182
20.65076494216919 111.50336317797773
20.97476029396057 102.80077820717118
21.282848358154297 94.75230867899737
21.542623281478882 85.58621384311844
21.84262990951538 82.56512580987206
22.21234679222107 66.61080993352356
22.82121443748474 77.46612162745726
23.118326663970947 70.71067811865476
23.454179286956787 80.72174428244226
23.746195793151855 89.81091247727082
24.052550792694092 93.1933474020544
24.41671371459961 94.89467845985885
24.776756525039673 99.84988733093293
25.106251001358032 104.70912090166739
25.448089838027954 108.30050784737807
25.713318824768066 115.83609109426992
25.978404760360718 121.19818480488888
26.25313401222229 124.03628501370073
26.547344207763672 125.0959631642844
26.90236186981201 126.60568707605516
27.497146129608154 128.08200498118384
27.83864140510559 133.86933928274988
28.190129041671753 134.82581355215328
30.02611994743347 67.468511173732
30.311095714569092 74.06078584514209
30.63883924484253 68.00735254367721
30.97861099243164 63.812224534175265
31.323317050933838 77.00649323271382
31.658554077148438 91.92388155425118
31.890311241149902 103.46496991735899
32.21177101135254 117.64352935882194
32.500529766082764 106.01886624558857
32.81534767150879 111.60645142642964
33.10138940811157 112.0714058089752
33.45498728752136 114.03946685248927
33.753888845443726 106.25441167311595
34.092199087142944 103.00485425454472
34.456697940826416 107.61505470890214
34.70843577384949 109.48059188732951
35.00194478034973 99.82484660644363
35.29866862297058 87.78382538941898
35.60944056510925 67.4166151627327
35.90481114387512 59.481089431852205
36.27847146987915 75.31268153505093
36.54002141952515 75.13321502504735
36.85899496078491 76.94153624668537
37.1574764251709 77.46612162745726
37.480186223983765 77.20103626247513
37.806477785110474 75.82216034906945
38.10003113746643 85.95929269136641
38.426727294921875 86.55634003352961
38.75552415847778 95.44108130150245
39.0562002658844 103.24727599312246
39.360687017440796 109.59014554237986
39.65900993347168 115.87061750072795
40.01324129104614 122.93087488503447
40.31537413597107 129.65338406690356
40.600125551223755 123.22743201089601
40.90841269493103 119.10499569707393
41.54985976219177 108.67382389517726
41.856452226638794 101.71037311896953
42.152788400650024 96.33275663033837
42.503663539886475 104.0768946500615
42.796958923339844 109.16501271011697
43.08694934844971 122.10241602851272
43.40246605873108 115.0173899895142
43.750595569610596 119.01680553602503
44.053627014160156 125.03599481749245
44.33631944656372 119.03780911962384
44.65082287788391 114.0701538527936
45.007139444351196 109.07336980216573
45.30315923690796 103.1746092796091
45.601438999176025 110.01818031580054
46.25576591491699 94.00531899844816
46.54794502258301 76.16429609731846
46.847405195236206 68.00735254367721
47.13155460357666 59.00847396772772
47.45128083229065 50.039984012787215
47.80417561531067 43.0
49.097543239593506 20.0
50.324315309524536 2.23606797749979
51.58152508735657 14.142135623730951
52.81979298591614 17.029386365926403
54.068416118621826 19.1049731745428
55.30731415748596 34.23448553724738
61.1747829914093 128.41339493993607
61.523622035980225 149.2816130673835
61.86384081840515 110.76551810017412
62.21552348136902 132.6386067478093
62.46563267707825 95.13148795220224
62.698702573776245 114.28035701729323
63.650426387786865 81.2219182240853
64.2864441871643 98.3107318658548
65.28179717063904 100.89598604503551
65.5168981552124 136.0624856453828
65.8514175415039 146.84004903295286
66.16145277023315 132.00378782444085
68.37433290481567 151.16216457830973
68.6449511051178 138.52075656738234
68.94985771179199 128.84486796143648
69.27832794189453 120.30378215168466
69.67549920082092 111.6288493177279
