2.15063214302063 100.43903623591775
2.439357042312622 104.06248123122954
2.7142865657806396 98.99494936611666
3.6136841773986816 105.1094667477673
3.913548231124878 103.61949623502326
4.477044105529785 105.34229919647663
4.712775945663452 103.4456378974
4.974400997161865 101.65136496870073
5.263354539871216 103.09219175087898
6.1098432540893555 98.85848471426213
6.390712261199951 98.32598842625484
6.9699811935424805 101.20276676059801
8.83466625213623 99.29753269845128
9.107545137405396 99.82484660644363
12.04600715637207 39.96248240537617
13.702660322189331 101.19288512538814
15.89521837234497 110.01818031580054
16.135300636291504 101.76934705499491
16.65498185157776 110.01818031580054
16.947105884552002 110.5350623105628
17.24620771408081 107.42439201596628
17.53918170928955 108.6876257906115
20.146451950073242 45.967379738244816
21.501943588256836 97.67292357659824
21.80682921409607 103.32473082471591
22.086175203323364 109.12378292562992
22.37347149848938 111.19802156513397
22.667672157287598 104.80458005259122
22.962191104888916 104.80458005259122
23.260746955871582 106.30145812734649
23.573023319244385 107.16809226630845
23.83721351623535 115.6027681329474
24.085384130477905 122.20065466273084
24.34491801261902 123.2233744059949
24.885045051574707 128.40560735419618
25.168811559677124 128.68954891520912
25.465757131576538 121.82774724995944
25.75726890563965 122.9186723000212
26.05061101913452 123.76186811776881
26.627569437026978 125.2078272313676
26.906444787979126 91.706052144883
27.152138710021973 101.35580891098448
27.410480976104736 86.7294644281861
27.693856716156006 72.00694410957877
27.990972757339478 71.02816342831905
28.30479073524475 75.92759709091287
28.609037399291992 82.46211251235322
28.879956007003784 91.706052144883
29.135335445404053 98.97979591815695
29.419169425964355 100.34440691936945
29.71126127243042 104.5609869884557
30.542072057724 124.73972903610141
54.72053503990173 20.223748416156685
56.018927812576294 13.601470508735444
57.59521746635437 31.400636936215164
58.893038272857666 25.019992006393608
60.18709588050842 14.7648230602334
61.48382902145386 15.0
62.78711462020874 19.4164878389476
64.09141874313354 20.615528128088304
65.38453650474548 9.899494936611665
66.64942049980164 29.120439557122072
