1.9833457469940186 47.75981574503821
2.153273820877075 49.64876634922564
2.3185746669769287 51.24451190127583
2.560904026031494 51.86520991955976
2.81687068939209 54.08326913195984
3.0532190799713135 53.85164807134504
3.300222873687744 55.154328932550705
3.548459529876709 53.85164807134504
3.8070311546325684 54.230987451824994
4.051277160644531 54.42425929675111
4.289647579193115 55.362442142665635
4.757789134979248 61.1310068623117
5.072421550750732 65.25335240430181
5.389461040496826 72.12489168102785
5.767623662948608 76.24303246854758
6.137873411178589 85.07055894961546
6.519110918045044 87.31551981177229
6.878791093826294 87.66413177577246
7.266262054443359 82.63776376451628
7.6286821365356445 79.7057087039567
8.088609218597412 80.62257748298549
8.462823152542114 79.60527620704548
8.856842756271362 78.39005038906404
9.202590703964233 77.89736837660179
9.534453392028809 74.94664769020693
9.916560173034668 75.16648189186454
10.289353132247925 72.67048919609665
10.655722618103027 70.7248188403477
11.066234350204468 71.84705978674423
11.348985195159912 68.79680225126747
11.794162511825562 69.8927750200262
12.138906002044678 69.46221994724903
12.616471529006958 71.56116265125938
12.966819047927856 69.8927750200262
13.312538146972656 70.80254232723568
13.660597801208496 72.62231062146122
14.016681909561157 75.82216034906945
14.369115829467773 75.07329751649384
14.76837968826294 74.27651041883968
15.11767864227295 77.10382610480494
15.48275899887085 71.84705978674423
15.860532999038696 73.00684899377592
16.275702953338623 72.62231062146122
16.618074417114258 59.54829972383762
17.011934757232666 63.00793600809346
17.72001886367798 43.86342439892262
18.097472429275513 43.56604182158393
19.428908586502075 40.11234224026316
22.012786149978638 38.27531841800928
23.1203932762146 51.62363799656123
23.349691152572632 54.08326913195984
23.579359531402588 64.4980619863884
23.799518585205078 68.5054742338158
24.031437397003174 70.45565981523414
24.26512336730957 69.63476143421474
24.488559007644653 71.21797525905943
24.72135829925537 72.24956747275377
24.948419332504272 75.0
25.188767671585083 89.87213138676528
25.382286071777344 93.00537618869137
25.611570119857788 92.80086206496145
25.845600843429565 94.62557793746889
26.072378635406494 93.47726996441435
26.304447412490845 94.66784036831093
26.535343647003174 96.74709297958259
26.90007710456848 125.21980673998823
27.266196966171265 87.98295289429652
27.58096146583557 113.14592347937243
28.01017427444458 105.11898020814318
28.327521562576294 91.54780172128658
28.786442279815674 84.11896337925236
29.09774684906006 66.70832032063167
29.51793646812439 54.230987451824994
31.165420532226562 33.24154027718932
32.38991737365723 25.632011235952593
33.63198471069336 21.400934559032695
34.79237771034241 11.180339887498949
35.98539638519287 9.848857801796104
37.226539850234985 18.027756377319946
38.42206311225891 25.079872407968907
39.69378709793091 22.825424421026653
41.007978439331055 22.20360331117452
42.27962589263916 21.095023109728988
43.54784369468689 23.021728866442675
44.769734382629395 18.601075237738275
46.012059926986694 22.47220505424423
47.19986891746521 22.47220505424423
48.38809084892273 22.47220505424423
49.920010805130005 22.47220505424423
52.36522388458252 25.079872407968907
54.53945565223694 31.622776601683793
55.760217905044556 27.294688127912362
57.21249461174011 20.518284528683193
