1.9150924682617188 89.47066558375433
2.155182123184204 114.49017425089369
2.4031946659088135 111.94641575325224
2.6656296253204346 89.44271909999159
2.9392809867858887 89.89438247187641
3.191301107406616 90.82400563727631
3.448845624923706 90.4267659490264
3.704345703125 92.66067126888301
3.9162802696228027 90.91754506144565
4.150671482086182 90.55385138137417
4.390424966812134 90.21086409075129
4.629116058349609 91.26883367283708
4.881757497787476 90.13878188659973
5.127604722976685 90.27181176868004
5.392595291137695 90.50966799187809
5.650508165359497 87.80091115700337
5.894501209259033 95.1892851112981
6.140273571014404 96.17692030835673
6.4056236743927 98.37174391053561
