1.9388885498046875 98.12746812182611
2.224212408065796 98.12746812182611
2.5116493701934814 98.04590761474952
2.950148344039917 98.00510190801293
3.2606594562530518 98.02040603874276
3.56168532371521 67.0
3.858229398727417 66.007575322837
4.137012004852295 63.0317380372777
4.385929822921753 64.00781202322104
4.62603759765625 98.08159868191383
5.408557176589966 20.615528128088304
5.683849334716797 25.495097567963924
5.957885265350342 24.351591323771842
6.506363868713379 32.01562118716424
6.794886589050293 32.55764119219941
7.0739569664001465 30.479501308256342
7.619247913360596 29.68164415931166
7.888761758804321 30.14962686336267
8.379940509796143 99.12618221237011
8.637032270431519 99.12618221237011
9.21198058128357 99.12618221237011
22.054417848587036 21.587033144922902
22.87446689605713 26.076809620810597
23.132322072982788 30.364452901377952
23.454736709594727 29.410882339705484
23.810356616973877 29.120439557122072
24.40401601791382 29.0
24.707701921463013 29.068883707497267
25.00282382965088 28.0
25.354491233825684 28.0178514522438
25.658156394958496 28.071337695236398
