1.663879156112671 78.0
1.8850376605987549 78.0
2.0681474208831787 78.02563681252464
2.462775230407715 77.05841939723393
2.6557841300964355 78.02563681252464
2.892770290374756 78.05767098754612
3.141596555709839 79.05694150420949
3.3813669681549072 93.02150289046077
4.0933990478515625 30.4138126514911
4.335214376449585 26.0
4.569342613220215 40.22437072223753
4.812181711196899 48.75448697299562
5.066404581069946 60.53924347066124
5.308079242706299 64.8459713474939
5.613636493682861 73.54590403278758
5.978161573410034 81.39410298049853
6.222054719924927 64.32728814430156
6.459076881408691 34.17601498127012
6.807223796844482 17.204650534085253
7.097562789916992 12.041594578792296
7.377048492431641 18.867962264113206
7.73233962059021 13.038404810405298
8.079222679138184 13.038404810405298
8.427963495254517 18.867962264113206
8.760445594787598 25.0
9.301888704299927 43.41658669218482
9.608458757400513 55.31726674375732
9.901374816894531 63.12685640834652
10.217171430587769 71.7007670809734
10.5530104637146 66.61080993352356
10.879356861114502 85.28774824088158
11.160390615463257 88.20430828479978
11.457138061523438 70.25667228100119
11.801380157470703 61.1310068623117
12.108708143234253 66.007575322837
12.409321308135986 58.0
12.702795267105103 49.0
13.052507400512695 57.07889277132134
13.344912052154541 52.23983154643591
13.663524866104126 34.36568055487916
13.944844722747803 23.53720459187964
14.303688764572144 11.661903789690601
14.616499185562134 8.602325267042627
15.216661930084229 23.40939982143925
15.559924125671387 34.20526275297414
15.854257345199585 44.27188724235731
16.157260417938232 51.62363799656123
16.456109285354614 60.40695324215582
16.752596378326416 62.39390995922599
17.10238242149353 62.20128616033595
17.40493607521057 85.09406559801923
18.661292552947998 63.0
18.955180883407593 79.00632886041473
19.26248073577881 74.06078584514209
19.60962462425232 68.59300255857006
19.90484356880188 64.25729530566937
20.50564932823181 63.50590523722971
20.848869562149048 68.47627326307996
21.161278247833252 76.66159403508382
34.06962704658508 91.67878707749138
34.30741763114929 87.66413177577246
34.548694372177124 104.30723848324239
34.90674376487732 105.47511554864494
35.20801019668579 110.14535850411491
35.506765604019165 115.00434774390054
35.82516384124756 115.00434774390054
36.18836307525635 116.84605256490268
36.54253625869751 119.20151005754919
36.877856969833374 120.41594578792295
37.1166787147522 112.4144118874444
37.395756483078 104.9952379872535
37.703537702560425 105.55093557141026
38.00099205970764 112.2007130102122
38.2950165271759 113.46365056704283
38.65046048164368 108.4665847162157
38.94189977645874 105.152270541344
39.3023316860199 111.77208953938367
39.69367074966431 64.40496875241847
39.94043278694153 36.6742416417845
40.205310344696045 61.66036003787198
40.479063272476196 85.44588931013593
40.783549308776855 76.96752561957543
41.141321897506714 99.15644204992432
41.457122802734375 120.6731121667126
41.76146411895752 136.56500283747664
42.031445264816284 148.5563866011825
42.35756731033325 109.9317970379817
42.7384135723114 104.69479452198185
42.995404958724976 102.47438704378767
43.29484844207764 131.9280106724876
43.60549545288086 132.00378782444085
43.954631090164185 131.12589370524802
44.253286600112915 132.00378782444085
44.55574059486389 103.77379245262264
44.854270696640015 98.11218069128827
45.496092081069946 93.47726996441435
45.7943594455719 73.824115301167
46.083110094070435 66.70832032063167
46.45219039916992 67.446274915669
46.73514747619629 69.8927750200262
47.048521518707275 73.00684899377592
47.312729358673096 53.600373133029585
47.66307592391968 34.92849839314596
47.95180153846741 39.56008088970496
48.24956655502319 51.62363799656123
48.555660009384155 49.51767361255979
48.90368723869324 48.79549159502341
49.24198603630066 45.967379738244816
49.54405641555786 45.254833995939045
49.84412693977356 45.967379738244816
50.20171570777893 42.01190307520001
50.486167907714844 42.80186911806539
50.77428126335144 41.400483088968905
51.09332728385925 39.824615503479755
51.444889545440674 39.824615503479755
51.74812054634094 38.18376618407357
52.041344165802 38.897300677553446
52.345381021499634 38.18376618407357
52.69798231124878 41.773197148410844
52.99396634101868 47.38143096192854
53.291706800460815 50.24937810560445
53.599369764328 46.75467891024384
