2.023171901702881 99.00505037623081
2.5805904865264893 99.08077512817509
2.868380308151245 99.18165152889924
3.1937294006347656 99.72462083156798
3.4843673706054688 99.50376877284599
3.884845733642578 98.08159868191383
4.178929328918457 98.0
4.458510160446167 99.02019995940222
4.761023759841919 98.08159868191383
5.049777507781982 98.2496819333274
5.3028340339660645 98.18350166906862
6.067827224731445 101.07917688624102
6.316474437713623 100.4987562112089
8.254825353622437 60.207972893961475
9.516917705535889 32.31098884280702
9.812851428985596 47.80167361086848
10.111894845962524 52.630789467763066
11.329427719116211 104.4030650891055
11.678343057632446 104.4030650891055
11.990906238555908 105.47511554864494
16.802978515625 151.21177202850313
17.03683066368103 150.71164520368026
17.32793927192688 150.86417732516887
17.637091398239136 152.8201557386983
17.937258005142212 156.92354826475216
18.23135495185852 161.01242188104618
23.626063585281372 157.30543537970962
23.884299993515015 151.28780519261954
24.16836428642273 144.9413674559475
24.486790418624878 112.48555462813881
24.794835805892944 142.88806808127822
25.139429807662964 140.356688476182
25.433350563049316 139.51702405083043
25.750207901000977 137.2953021774598
26.02645707130432 141.19844191774922
26.368638038635254 135.07405376311175
26.69127106666565 104.66135867644753
26.9912166595459 132.59336333316233
27.289875030517578 128.9961239727768
27.582948207855225 124.35433245367851
27.928035736083984 45.17742799230607
28.218801498413086 113.8859078200635
29.54052448272705 40.85339643163099
29.841708183288574 77.27871634544663
30.133431434631348 78.10249675906654
30.39805030822754 105.68348972285122
30.687086582183838 126.19429464123962
30.973968505859375 126.03570922560003
31.256775856018066 125.09996003196804
31.5471773147583 126.66885963013956
31.85349726676941 128.56515857727553
32.119364976882935 140.07141035914503
41.980026721954346 160.99689437998487
42.58179068565369 94.11163583744573
42.89292645454407 88.41379982785493
43.37007284164429 82.03657720797473
43.6825635433197 78.5175139698144
43.96045184135437 77.10382610480494
44.22138738632202 77.78174593052023
44.4982271194458 78.5175139698144
44.814129114151 76.83749084919418
45.11269760131836 76.83749084919418
45.44584560394287 65.39113089708727
45.76856088638306 102.57680049601859
46.0937774181366 85.0
46.43558144569397 88.81441324469807
46.745854139328 123.47064428438041
47.01848268508911 135.32553343696821
47.286187410354614 142.1724305201258
47.56483697891235 147.6651617681029
47.882980823516846 149.56603892595405
48.22939348220825 152.85614151874958
48.55278658866882 159.20113064925135
53.34999418258667 134.7145129523913
53.73002815246582 136.92698784388708
53.98958206176758 138.2208377922808
54.24650764465332 140.089257261219
54.513800621032715 138.88484438555562
54.81200885772705 138.88484438555562
55.09797692298889 132.51792331605563
55.403432846069336 117.17508267545622
55.679869174957275 118.30891766895681
56.00163388252258 139.7855500400524
56.330403089523315 139.7855500400524
56.63123559951782 140.4563989286355
56.93151617050171 140.21768789992225
57.27033305168152 143.7810835958611
57.57801365852356 142.46754016266303
57.871825218200684 139.64598096615597
58.14883756637573 138.351002887583
58.48955726623535 137.41906709041507
58.83766841888428 140.0142849854971
59.13331484794617 139.84634424968
59.4346969127655 137.99275343292487
59.80462861061096 137.2953021774598
60.147133111953735 138.9280389266328
60.40108394622803 139.2838827718412
60.670998334884644 139.86421987055874
61.01963758468628 138.9280389266328
61.335660219192505 140.11780757633915
61.622570753097534 144.01388821915754
61.93356943130493 146.48549416239138
62.27167105674744 151.71684151734772
62.57543730735779 142.12670403551894
62.850460052490234 147.41099009232656
63.15540528297424 146.0
70.06822896003723 139.8070098385628
70.38016319274902 139.61733416735902
70.68062400817871 128.65846260545786
71.113698720932 126.19429464123962
71.40883040428162 127.01574705523721
71.71707081794739 126.03570922560003
72.02954721450806 131.21356637177422
72.34110355377197 127.06297651164952
72.64283514022827 125.0
72.92194890975952 126.19429464123962
73.24263024330139 129.1239714383042
73.60919857025146 130.6981254647518
77.28941774368286 144.5856147754679
78.17431855201721 147.29901561110313
78.51792001724243 135.09256086106296
78.87962865829468 151.16216457830973
79.24684500694275 135.09256086106296
79.54787850379944 143.80890097626084
79.83425498008728 149.77316181479245
80.08784985542297 148.94629904767692
80.66488671302795 147.27525250360293
81.64864253997803 146.18481453283715
81.9818594455719 146.72763884149435
82.33102631568909 148.11144452742334
82.62045645713806 148.11144452742334
82.9968490600586 148.11144452742334
83.5804123878479 148.11144452742334
83.83228492736816 148.4082207965583
84.09839510917664 148.11144452742334
85.01637434959412 149.78985279383915
85.65535044670105 147.27525250360293
86.27208352088928 147.27525250360293
87.49145007133484 144.77914214416384
87.85038018226624 145.3409783921933
88.14875149726868 143.95138068111746
88.46886229515076 144.22205101855957
89.36606073379517 146.72763884149435
89.72550129890442 146.72763884149435
90.35979723930359 149.4958193395387
90.77941966056824 149.4958193395387
91.06573987007141 149.21461054467824
91.3166515827179 148.11144452742334
91.67396521568298 151.71684151734772
91.96885347366333 153.1012736720371
92.29938507080078 151.71684151734772
92.70981574058533 152.55490814785344
93.0132405757904 155.08062419270823
94.70187306404114 95.42536350467836
95.00537371635437 61.587336360651285
95.29540467262268 48.54894437575342
96.64655756950378 48.41487374764082
97.92447781562805 45.45327270945405
99.2246367931366 40.36087214122113
100.51290464401245 40.36087214122113
101.80689358711243 38.948684188300895
103.10388112068176 36.796738985948195
104.37950420379639 36.76955262170047
105.668128490448 36.796738985948195
106.93712329864502 36.76955262170047
108.24906277656555 36.124783736376884
