1.9200341701507568 93.94147114027967
2.166253089904785 97.06183596038146
2.4091598987579346 96.17692030835673
2.6602933406829834 100.18482919085105
2.9099457263946533 106.88779163215975
3.1687021255493164 105.99056561788883
3.408228635787964 101.53324578678651
3.6554012298583984 98.88377015466189
3.8967573642730713 102.08329931972223
4.150583982467651 128.03515142334936
4.393122673034668 87.20665112249179
4.641064167022705 42.05948168962618
4.879212856292725 57.42821606144492
5.143788814544678 42.95346318982906
5.393529653549194 20.0
5.625869274139404 21.840329667841555
5.862194776535034 66.2872536767062
6.337313175201416 97.83659846908007
13.648107290267944 112.36102527122117
14.221709728240967 139.08630414242805
14.518314599990845 138.01449199268893
14.861584901809692 140.4314779527724
15.176460266113281 148.07092894960846
15.473124742507935 153.44380078712857
15.765295267105103 132.82319074619463
16.12585473060608 92.00543462209176
16.42776083946228 94.64142856064674
16.72855281829834 97.49358953285082
17.02732563018799 101.23734488813898
17.380460023880005 100.65783625729296
17.97259831428528 88.36288813749809
18.267088651657104 77.23341245859851
21.98043465614319 94.2443632266673
22.272477388381958 94.02127418834527
22.627288579940796 99.29753269845128
22.966471433639526 115.25623627379127
23.28816318511963 117.29023829799307
24.15553617477417 119.47384651043926
25.381017208099365 121.03718436910205
26.62865376472473 120.42009799032718
27.818455457687378 91.0494371207203
28.529766082763672 93.60555539069249
28.769235849380493 50.695167422546305
29.01133155822754 41.048751503547585
29.259472608566284 62.289646009589745
29.505642414093018 76.36753236814714
29.751453638076782 72.00694410957877
30.447288274765015 151.60804727981954
41.029428482055664 113.74093370462545
41.630287647247314 106.85036265731624
45.070202350616455 57.982756057296896
45.35256552696228 61.220911460055866
45.690813064575195 66.70832032063167
46.01323056221008 71.56116265125938
46.321155309677124 72.67048919609665
46.61589431762695 73.06161783043132
46.98375630378723 63.0
47.6680862903595 92.69843580125827
47.99774718284607 95.77055915050303
48.31811332702637 121.79490958164057
48.653780698776245 110.16805344563369
48.93795943260193 124.59534501738017
49.216601848602295 108.63240768757728
49.49994397163391 116.46887996370532
49.79278755187988 94.33981132056604
50.101394176483154 82.75868534480233
50.399433851242065 85.63293758829018
50.97000312805176 49.49747468305833
51.2573344707489 30.083217912982647
51.57081127166748 70.21395872616783
51.859907388687134 68.35202996254024
52.25417447090149 61.814237842102365
52.561713457107544 61.00819617067857
52.86529994010925 61.814237842102365
53.162052631378174 68.0294054067798
53.506309509277344 52.80151512977634
53.807743072509766 77.80102827083971
54.10884761810303 84.21995013059554
55.05869102478027 88.54942122905152
55.344326972961426 101.23734488813898
55.653313398361206 104.0
56.02238321304321 107.15409464878138
56.32466983795166 115.52056094046635
56.61336326599121 124.06449935416659
56.91946840286255 113.718951806636
57.20818471908569 108.25894882179486
57.56876468658447 90.91754506144565
57.85994911193848 91.40021881811882
58.1621618270874 81.98780397107853
58.464354276657104 80.1311425102625
58.80301880836487 86.28441342444185
59.10909962654114 47.51841748206689
59.40759301185608 22.090722034374522
66.30990028381348 75.45197147855052
71.28625226020813 86.45229898620394
71.74400806427002 85.23496934944014
71.98440837860107 87.13208364316786
72.21109914779663 89.04493247793498
72.50959587097168 125.09996003196804
72.83664107322693 125.67020331009256
73.19675660133362 87.32124598286491
74.11635637283325 39.81205847478876
74.41455006599426 99.80981915623332
74.84759283065796 156.54072952429985
87.50347542762756 113.63538181394033
87.79765057563782 126.49110640673517
88.1677176952362 126.92123541787639
88.46597576141357 125.41929676090518
88.76375484466553 122.98373876248843
89.06898808479309 123.97580409095961
89.41963696479797 125.1718818265508
89.71655774116516 122.64175471673585
90.02431321144104 119.70797801316336
90.31299257278442 122.48265183282079
90.65470623970032 119.41942890501528
91.5622947216034 69.06518659932803
91.91104531288147 47.095647357266465
92.21246218681335 35.608987629529715
92.5143895149231 21.095023109728988
92.80205535888672 26.0
93.14446234703064 27.294688127912362
94.4875340461731 22.80350850198276
94.78283524513245 14.422205101855956
95.12941694259644 22.80350850198276
95.60407042503357 25.0
95.96157574653625 22.02271554554524
96.25345754623413 22.0
