1.9188854694366455 118.68024266911489
2.0979301929473877 102.85912696499032
2.2849366664886475 105.09519494249011
2.5028462409973145 108.24047302187847
2.7588131427764893 130.38404810405297
3.006218194961548 111.36426715962351
3.2441768646240234 106.00471687618433
3.5588080883026123 134.6291201783626
3.7975618839263916 142.6639407839276
4.02947211265564 116.01724009818541
4.268498659133911 110.5350623105628
4.4739134311676025 118.10588469674151
4.723934173583984 91.83681179135085
4.968697547912598 81.93900170248598
5.206411361694336 75.76938695805846
5.452090501785278 86.4060183089118
5.921795845031738 68.41052550594829
6.156346559524536 64.76109943476871
6.711168527603149 99.86490875177326
7.020572900772095 107.81465577554843
7.3606953620910645 101.6070863670443
7.638723611831665 95.4148835350125
7.943578481674194 91.7877987534291
8.920631408691406 87.13208364316786
9.251309871673584 92.41753080449618
9.523512840270996 101.31633629380802
19.682514905929565 58.52349955359813
19.910520792007446 57.42821606144492
20.187304258346558 56.60388679233962
20.54344940185547 56.859475903318
22.01164984703064 56.08029957123981
24.22394371032715 76.4198926981712
24.462175846099854 101.53324578678651
24.697283267974854 112.80514172678478
24.942909955978394 126.25371281669304
25.179184198379517 128.14444974324874
39.07274913787842 104.08650248711405
39.3619441986084 111.40017953306898
39.66115760803223 129.1239714383042
40.01045751571655 129.87686476043376
40.30590224266052 127.75758294520134
40.60640287399292 139.2838827718412
40.91056203842163 136.7040599250805
41.26044154167175 139.86421987055874
41.55162596702576 113.65298060323803
41.85965704917908 105.60303025955268
42.15002799034119 95.71311299921238
42.80678725242615 86.53323061113575
43.10793495178223 98.2700361249552
43.4072105884552 104.0096149401583
43.758397817611694 132.06059215375342
44.37205195426941 125.09996003196804
45.00666379928589 38.3275357934736
45.689614057540894 17.0
46.02454614639282 55.90169943749474
46.35629320144653 91.8313671900838
46.79484558105469 130.8166656049603
63.566415786743164 144.69277798148738
63.770121574401855 89.00561780022652
63.98513436317444 125.21980673998823
64.20035552978516 126.1269202034205
65.16524720191956 89.0
65.36332511901855 88.56635930193812
65.7660722732544 91.28526715741155
67.17224788665771 91.706052144883
68.15054035186768 91.706052144883
68.39056062698364 91.706052144883
68.65044069290161 95.34149149242423
69.42435073852539 53.150729063673246
69.64130234718323 43.01162633521314
70.12231397628784 29.68164415931166
70.35439085960388 29.068883707497267
71.03672528266907 77.12976079309465
71.27150440216064 96.20810776644555
71.51252770423889 106.77546534667971
71.75429725646973 111.7899816620434
72.00451731681824 123.76186811776881
72.24580836296082 114.58621208504974
72.71642279624939 111.23398761170077
73.00806069374084 109.5627673984187
73.35662794113159 113.95174417269794
73.65833830833435 107.70329614269008
73.95461225509644 107.70329614269008
74.25116920471191 106.77546534667971
74.56358623504639 105.84894897919393
74.89970016479492 103.61949623502326
75.20343399047852 104.17773274553444
75.50436615943909 102.88342918079665
75.81081080436707 105.47511554864494
76.11631393432617 108.07867504739313
76.48634624481201 108.46197490364999
76.85059094429016 110.16805344563369
77.03887677192688 107.54068997360952
77.36252665519714 114.72575996697516
77.6601881980896 107.54068997360952
77.96288228034973 111.07204868912791
94.6052758693695 68.62215385719105
95.40943360328674 87.92041856133307
95.59857368469238 87.20091742636656
95.77534008026123 93.00537618869137
95.96710753440857 88.19297024139736
96.33241844177246 94.02127418834527
96.5318992137909 93.08598175880189
96.725670337677 95.85405573057407
97.33067727088928 67.67569726275453
114.90089440345764 87.32124598286491
115.1572585105896 87.8179936004006
115.66133189201355 82.49242389456137
115.90605044364929 77.02596964660685
116.12573552131653 77.02596964660685
116.82524633407593 75.66372975210778
117.06759834289551 77.89736837660179
117.31706142425537 82.365041127896
118.03033494949341 87.20665112249179
118.50342202186584 90.80198235721508
118.7625060081482 92.13576938409967
119.08357238769531 91.23595782365635
119.3998920917511 92.13576938409967
119.71924257278442 92.13576938409967
120.06071639060974 89.0
120.38864421844482 115.52056094046635
120.70354175567627 90.47098982546837
120.97632002830505 116.29703349613007
122.63065958023071 19.72308292331602
134.19277334213257 19.79898987322333
134.3767867088318 18.439088914585774
134.55631279945374 17.69180601295413
134.7379925251007 16.401219466856727
134.92664766311646 21.93171219946131
135.1136338710785 22.847319317591726
135.2857038974762 15.652475842498529
135.456289768219 13.0
135.63631057739258 14.317821063276353
