1.7885560989379883 108.75660899458019
1.9895470142364502 109.07795377618706
2.2140820026397705 110.45361017187261
2.4450719356536865 110.45361017187261
2.7039132118225098 111.30588483993108
2.9505083560943604 112.16059914247963
3.1976006031036377 111.83022847155415
3.4374752044677734 112.16059914247963
3.680194854736328 112.16059914247963
3.916551113128662 110.98198051936178
4.156045198440552 110.13627921806692
4.38969874382019 117.80067911519016
4.633322238922119 120.61509026651682
4.878415107727051 126.62148316932637
5.128450632095337 126.57408897558773
5.3787524700164795 120.21647141718975
5.619106769561768 112.60994627474076
5.871854782104492 99.86490875177326
6.117228269577026 91.4166286842826
6.4334423542022705 73.40980860893181
6.946653127670288 76.53103945458993
7.3734190464019775 76.32168761236873
7.701491832733154 80.00624975587844
7.945515394210815 87.66413177577246
8.194222211837769 98.73702446397704
8.444327116012573 99.86490875177326
8.685682535171509 100.43903623591775
9.156158447265625 120.61509026651682
9.452041149139404 121.26417442921878
10.14206838607788 114.5512985522207
10.52468729019165 111.80339887498948
10.765942335128784 108.37435120913067
11.21668267250061 102.30347012687302
11.463426113128662 96.82974749528164
11.71296501159668 109.63576058932597
11.974947929382324 103.9471019317037
12.269077062606812 91.28526715741155
12.595471143722534 84.40379138403677
12.962303400039673 89.62700485902673
13.26325535774231 88.10221336606703
13.51607084274292 83.24061508662703
13.836834192276001 82.21921916437786
14.445757389068604 97.12878049270464
18.606298685073853 115.83177456984762
18.964173316955566 105.99056561788883
19.21346688270569 98.48857801796105
19.656498432159424 84.72307831990054
19.90461492538452 74.06078584514209
20.141510725021362 78.87331614684399
20.397624015808105 83.54639429682169
20.683696746826172 96.93812459502195
21.022852897644043 89.19641248391103
21.40585207939148 98.59513172565875
21.725593090057373 88.3911760301898
22.13654375076294 117.6860229593982
28.35840630531311 108.34205093129813
28.756454467773438 112.29425630903836
29.27367901802063 110.67971810589327
29.5174458026886 109.73149046650191
30.309857606887817 111.07204868912791
30.549371004104614 111.07204868912791
30.78010082244873 111.07204868912791
31.030176877975464 106.7379969832674
31.277962684631348 106.7379969832674
31.747469663619995 105.01904589168576
32.688512563705444 110.75197515168747
32.92211651802063 132.0075755401939
33.17350220680237 118.25819210524064
33.41676068305969 132.27622613304328
33.65782594680786 120.96693763173474
33.91862177848816 99.62429422585637
34.159950256347656 114.97825881443848
34.408594608306885 107.44766167767449
34.65234160423279 113.85077953180645
34.89712119102478 112.29425630903836
35.14914655685425 118.6001686339442
35.404139041900635 110.78808600206071
35.65254044532776 115.96551211459379
35.90165972709656 125.89678312014172
36.19931173324585 123.06502346320826
36.73402738571167 120.30793822520607
36.96063184738159 130.78226179417453
37.19886112213135 119.10079764636339
38.75587701797485 100.07996802557443
39.43088126182556 105.26157893552613
39.666912317276 105.75916035975324
39.90475034713745 118.27087553578015
40.142579317092896 116.45600027478189
52.50698471069336 108.16653826391968
52.75442695617676 108.16653826391968
56.615066051483154 121.46192819151193
56.84798073768616 120.01666550941998
57.3225154876709 111.42710621747295
57.57490277290344 111.42710621747295
57.8767511844635 111.42710621747295
58.36190581321716 97.26767191621273
58.60833501815796 90.24965373894794
58.834009885787964 87.32124598286491
59.07071781158447 82.37718130647589
59.31134390830994 72.18032973047436
59.55694937705994 84.40379138403677
59.78411054611206 72.03471385380801
60.34837341308594 55.226805085936306
60.586079120635986 51.088159097779204
78.39028263092041 42.95346318982906
78.63272643089294 65.79513659838392
78.8717131614685 74.32361670424818
79.10791945457458 83.93449827097318
79.35559916496277 84.17244204607586
79.59033584594727 82.34682750416071
79.82813811302185 82.34682750416071
80.0573410987854 74.73285756613352
80.29956340789795 72.91776189653656
80.54735493659973 72.91776189653656
80.78616690635681 69.46221994724903
81.02720522880554 68.15423684555495
81.26537799835205 64.07807737440318
81.5065598487854 64.47480127925948
81.72965955734253 62.64982043070834
82.06259679794312 58.66856057549052
82.30284714698792 52.15361924162119
83.54267907142639 42.44997055358225
84.79647517204285 40.311288741492746
86.04466652870178 32.55764119219941
87.23378705978394 33.13608305156178
88.43459963798523 39.0
89.61884713172913 42.20189569201838
90.8645179271698 47.38143096192854
91.09360313415527 56.85068161420758
91.33132600784302 60.53924347066124
91.79470658302307 73.37574531137656
92.4929587841034 67.97793759742936
92.74024105072021 81.59656855530139
92.9796040058136 93.74433316206373
93.4493761062622 139.05394636614957
93.69583058357239 136.23509092741122
93.9374430179596 140.46351839534705
94.17170000076294 125.87692401707312
94.41141533851624 113.22985472038724
94.64350748062134 118.69709347747316
