3.6425905227661133 70.83784299369935
5.197967290878296 71.50524456289902
6.559120416641235 77.10382610480494
7.902717113494873 77.83315488916018
8.817359209060669 77.79460135510689
9.057264804840088 85.7962703152066
9.30005693435669 91.96738552334735
9.548463106155396 86.40023148117139
9.737499475479126 84.90583018850944
9.925933122634888 96.89685237405806
10.127955198287964 97.75479527879949
10.330475330352783 85.0
10.523408651351929 70.51950084905593
10.720489501953125 62.39390995922599
10.928622961044312 74.33034373659252
11.489026546478271 79.20858539325141
12.0429105758667 81.5659242576212
12.828662633895874 83.86894538504703
14.407738208770752 89.49860334105779
14.64281702041626 93.34880824091971
14.87545394897461 92.65527507918802
15.127952337265015 93.86160024205851
15.364968538284302 91.2633551870629
15.610101222991943 84.05950273467003
15.853669166564941 84.09518416651456
16.107771635055542 73.7360156233031
16.357370376586914 68.8839603971781
16.593634128570557 67.7421582177598
16.84303307533264 68.26419266350405
17.08821129798889 71.25307010929424
17.333789110183716 74.43117626371358
17.57750630378723 72.56031973468694
17.819923162460327 77.64663547121665
18.066399097442627 72.44308110509934
26.67644476890564 84.05950273467003
26.967888116836548 78.24321056807422
29.156411170959473 76.32168761236873
29.455565690994263 86.81589716175259
29.765676498413086 99.02019995940222
30.0507390499115 107.89810007595129
30.403271675109863 126.24579200908045
30.69077181816101 126.01587201618692
31.01003861427307 128.00390619039717
31.318780422210693 121.21056059601408
31.69061279296875 122.44182292011173
32.046881914138794 119.20570456148481
32.39317870140076 116.27553482998907
32.72561192512512 112.80514172678478
33.40544152259827 105.4229576515476
33.75098705291748 94.02127418834527
34.039514780044556 88.23831367382311
34.314608335494995 85.27602242131137
34.59773826599121 77.79460135510689
34.87866282463074 77.79460135510689
35.16930389404297 76.48529270389177
35.456326723098755 84.21995013059554
35.69532561302185 82.97590011563598
35.96680212020874 84.50443775329198
36.61581611633301 90.4267659490264
39.12606883049011 91.8313671900838
40.519490480422974 93.72299611087985
42.07467722892761 77.80102827083971
42.550105571746826 70.21395872616783
43.027246952056885 51.0
44.98474931716919 34.0
46.92193007469177 21.37755832643195
48.65225625038147 31.78049716414141
51.072649240493774 33.83784863137726
64.81897020339966 24.331050121192877
66.96703934669495 22.47220505424423
68.20508360862732 20.248456731316587
69.44980430603027 17.46424919657298
70.64161586761475 19.697715603592208
71.89759063720703 21.93171219946131
