1.8832290172576904 89.19641248391103
2.121209144592285 89.27485648266257
2.356924533843994 86.45229898620394
2.6008639335632324 90.60905032059435
2.8723278045654297 89.87213138676528
3.1324732303619385 105.0
3.382676362991333 99.04544411531506
3.6459927558898926 94.92101980067429
3.9058480262756348 96.02083107326243
4.867571115493774 15.811388300841896
5.112397193908691 35.05709628591621
5.355046272277832 27.018512172212592
5.596143484115601 46.010868281309364
5.835679769515991 91.706052144883
6.07665228843689 141.90489773083945
6.560847759246826 137.99275343292487
6.8039515018463135 136.31214179228496
7.047040939331055 130.8166656049603
7.290740966796875 128.65846260545786
7.534819841384888 127.03542812932147
7.838237047195435 128.41339493993607
8.141682624816895 132.5631924781536
8.74739956855774 141.1523999087511
9.095646858215332 133.13526955694348
9.426279783248901 137.23337786413333
9.793554306030273 136.8575902169843
10.149563550949097 136.8575902169843
10.398573160171509 136.8575902169843
10.64999008178711 138.00362314084367
10.947194576263428 141.79210133149166
11.229670763015747 142.22517358048822
11.60629916191101 140.45995870709916
13.982580184936523 139.98928530426892
14.216187953948975 139.98928530426892
14.452242374420166 142.70599146496969
14.695050477981567 142.70599146496969
15.134464263916016 141.76741515595182
15.37694764137268 140.42791745233566
15.622869729995728 140.87228258248675
15.859277725219727 141.76741515595182
16.084832906723022 141.32586458253138
16.327813386917114 142.21462653327893
16.573976755142212 140.87228258248675
16.819482803344727 138.63621460498698
17.059073448181152 149.00335566691106
17.53620982170105 128.3199127181748
17.811816215515137 68.0294054067798
18.146743297576904 29.410882339705484
18.384541034698486 26.248809496813376
19.5447735786438 34.0147027033899
19.8906192779541 50.0
20.215182781219482 53.665631459994955
20.566636323928833 57.982756057296896
20.965056657791138 59.81638571495272
21.22016668319702 94.06912352095134
21.751582384109497 112.0044641967453
22.39935040473938 128.68954891520912
23.29341435432434 18.867962264113206
23.648504495620728 42.01190307520001
23.938748359680176 39.319206502675
24.237722396850586 50.96076922496363
24.540823698043823 67.05221845696084
24.89489459991455 79.40403012442127
25.20004892349243 79.90619500389191
25.501036405563354 87.46427842267951
26.097190380096436 106.62082348209472
38.89979958534241 45.0111097397076
39.23709988594055 47.01063709417264
41.124940633773804 101.13851887386922
42.34285569190979 112.71202242884297
42.65851402282715 112.05802068571441
43.59968280792236 101.01980003939822
43.903459787368774 93.17188417113823
44.24040150642395 88.07383266328314
44.60619854927063 83.2946576918352
44.9368577003479 91.00549433962765
45.26861214637756 74.0
45.6304817199707 58.008620049092706
45.86560559272766 59.405386961116584
46.10632109642029 78.10889834071403
46.39154243469238 80.95060222135473
46.74754071235657 71.58910531638176
47.046855449676514 68.0294054067798
47.38028383255005 66.007575322837
47.71310615539551 65.00769185258002
48.08189845085144 65.14598989960932
48.406484842300415 65.73431371817918
48.65088510513306 94.75230867899737
48.898011684417725 89.44271909999159
49.245389461517334 99.50376877284599
49.549344539642334 127.88275880665071
49.84872317314148 132.5631924781536
50.535396575927734 148.66068747318505
52.09876585006714 132.81566172707193
53.946449279785156 133.8992158304148
54.30189085006714 136.48809471891678
60.21164512634277 137.6154061142865
61.450082302093506 104.00480758118829
61.8038604259491 106.77546534667971
62.11516857147217 111.80339887498948
63.34976768493652 141.3223266154361
63.649279832839966 141.35416513141735
63.95308804512024 149.88328792764054
65.83556628227234 85.00588214941364
66.14435601234436 96.04686356149273
66.44486999511719 90.0499861188218
66.74515151977539 106.21205204683694
67.08858585357666 127.88275880665071
67.39398455619812 97.12878049270464
67.70336627960205 90.21086409075129
67.99053382873535 93.43446901438462
68.33894991874695 97.06183596038146
68.64416575431824 102.18121158021175
68.94622015953064 109.12378292562992
69.24947476387024 113.87712676389407
69.8982720375061 111.01801655587259
70.8167953491211 36.05551275463989
71.19030141830444 44.01136216933077
72.21615743637085 89.98888820293314
72.45677947998047 127.251719045363
