1.6686415672302246 121.01652779682617
1.8771693706512451 117.80067911519016
2.060222864151001 119.80818002123227
2.2541823387145996 117.61377470347595
2.4485135078430176 116.21101496846157
2.6480088233947754 112.44554237496477
3.0300140380859375 111.8257573191436
3.2929275035858154 107.00467279516349
3.563192129135132 117.15374513859982
4.113978147506714 69.8927750200262
4.35455322265625 26.076809620810597
4.5939552783966064 33.421549934136806
4.834516525268555 22.090722034374522
5.074757814407349 24.351591323771842
5.320633888244629 38.63935817272331
5.551724195480347 65.5133574166368
5.804515361785889 101.01980003939822
6.05547022819519 143.26548781894402
6.2921531200408936 105.19030373565806
7.545276641845703 115.15641536623133
7.890656471252441 132.54433220624713
8.147157907485962 131.01526628603247
8.430242776870728 130.09611831257686
8.74049687385559 117.72000679578642
9.031286001205444 123.03251602726817
9.336942195892334 129.98846102635417
9.684392213821411 101.71037311896953
10.004183530807495 87.6184911990614
10.339510440826416 89.1403387922662
10.69871473312378 95.67131231461184
11.049962282180786 113.89907813498755
11.301592350006104 69.46221994724903
11.553279876708984 57.55866572463264
11.837684631347656 41.340053217188775
12.202192783355713 59.481089431852205
12.471232891082764 66.24198064671678
12.784826755523682 70.60453243241541
13.107286930084229 62.64982043070834
13.380484819412231 57.0087712549569
13.739774703979492 59.20304046246274
14.033818006515503 64.40496875241847
14.330209493637085 60.207972893961475
14.626930952072144 61.07372593840988
14.979156494140625 70.00714249274856
15.274644136428833 84.87638069569178
15.578660488128662 95.58765610684259
15.878706693649292 107.29864864013899
16.23127317428589 109.87720418721983
16.53588843345642 114.02192771568107
17.147400379180908 76.66159403508382
17.474120140075684 63.34824385884742
18.088685035705566 63.63961030678928
18.37912654876709 69.33974329343886
18.72442054748535 67.62396025078685
19.003531455993652 56.60388679233962
19.281009197235107 51.03920062069938
19.59283971786499 40.0
19.934280395507812 37.20215047547655
20.22361397743225 28.0178514522438
20.548911809921265 23.600847442411894
20.84903883934021 24.08318915758459
21.224886655807495 23.430749027719962
21.520707845687866 28.600699292150182
21.821908950805664 28.178005607210743
22.13171648979187 33.61547262794322
22.472179174423218 34.785054261852174
22.775843143463135 34.48187929913333
23.072778940200806 35.35533905932738
23.348438024520874 32.7566787083184
23.716741800308228 29.410882339705484
24.027824640274048 25.96150997149434
24.328768253326416 22.561028345356956
24.62291717529297 23.769728648009426
24.97131896018982 22.80350850198276
25.275430917739868 23.08679276123039
25.57524275779724 24.020824298928627
