1.8863849639892578 86.46964785403026
2.1281516551971436 89.26925562588724
2.379179000854492 88.29496021857646
2.62917423248291 86.57944328765345
2.893430233001709 89.44271909999159
3.1281425952911377 91.0823802938856
3.3764984607696533 87.14355971613737
3.645909309387207 85.00588214941364
3.8783020973205566 85.0235261559999
4.128294467926025 85.05292469985967
4.37287974357605 68.11754546370561
4.613908290863037 62.03224967708329
4.8550941944122314 57.0350769263968
5.098400592803955 58.215118311311535
5.350836992263794 56.71860364994893
5.59942364692688 67.68308503607086
5.8524298667907715 88.76936408468859
6.097649335861206 93.92017887546851
6.314146041870117 84.48076704197234
6.5631256103515625 84.77027781009096
6.821506977081299 82.54089895318563
7.0553107261657715 85.09406559801923
7.302328586578369 85.09406559801923
7.560987949371338 88.02272433866155
7.824951171875 90.24965373894794
8.120211839675903 94.33981132056604
8.42276668548584 91.67878707749138
8.759824991226196 91.44397191723465
9.066574096679688 82.73451516749222
9.370812177658081 88.68483523128404
9.677674055099487 78.85429601486528
10.018192529678345 93.00537618869137
10.331230640411377 94.04786015641186
10.928725481033325 92.07062506576133
11.26902151107788 89.56003573022959
11.583385705947876 79.40403012442127
11.87239670753479 90.33825324855468
12.170821905136108 98.38699100999075
12.52745532989502 105.58882516630251
13.436059474945068 65.25335240430181
14.166870832443237 76.69419795525604
14.500606298446655 77.10382610480494
14.856605291366577 77.25283166331187
15.20862364768982 57.30619512757761
15.557655572891235 40.52159917870962
16.67387819290161 65.21502894272147
16.954910278320312 81.8413098624405
17.219806432724 94.2019108086455
17.509511470794678 105.89145385724005
18.216394901275635 116.72617529928752
19.474952697753906 130.24976007655445
20.630513429641724 111.40017953306898
21.980151176452637 93.47726996441435
22.81060242652893 53.71219600798314
23.08345341682434 15.297058540778355
23.330888032913208 17.804493814764857
23.59611964225769 19.4164878389476
23.84441089630127 24.186773244895647
24.086610078811646 33.06055050963308
24.32393193244934 28.319604517012593
24.565758228302002 147.82760229402356
38.166019678115845 129.84991336154215
38.471471309661865 121.74152947946727
38.80672550201416 123.06502346320826
39.119203329086304 124.77579893553076
39.40909171104431 127.01574705523721
39.73499798774719 97.98469268207153
40.01005530357361 58.69412236331676
40.36052322387695 50.32891812864648
40.672585010528564 84.05950273467003
40.967012882232666 82.92767933567175
41.27250814437866 82.92767933567175
41.624404430389404 102.0
41.917032957077026 119.50732195141852
42.21923232078552 135.00370365289984
42.52214503288269 165.0605949341029
42.811299085617065 155.63097378092831
43.169044971466064 151.53877391611692
43.775036096572876 122.18428704215611
44.13702726364136 99.72462083156798
44.82680630683899 67.80117993073571
45.17499756813049 66.03786792439622
45.50803995132446 58.54912467321779
45.8092257976532 72.40165743959182
46.071269035339355 97.082439194738
46.32629704475403 109.40292500660117
46.614304065704346 112.2007130102122
46.95617866516113 111.21151019566275
47.223641872406006 119.47384651043926
47.77242374420166 31.89043743820395
53.22233986854553 87.84645695758026
53.48475933074951 92.47702417357513
53.7279634475708 97.73944955850733
53.96768808364868 102.7861858422619
54.283509492874146 105.94810050208545
54.5259895324707 115.83609109426992
54.77064633369446 122.58874336577564
55.0203640460968 114.23659658795863
55.26230049133301 112.8716084761797
55.49660849571228 103.77379245262264
55.75117254257202 93.1074647920348
56.00603795051575 78.40918313565064
56.242167234420776 62.20128616033595
56.493141412734985 40.0
56.71500635147095 21.95449840010015
56.95356631278992 30.01666203960727
58.144431829452515 78.2368199762746
58.391277551651 119.80818002123227
58.634268045425415 140.61649974309557
58.89505076408386 139.8177385026664
59.228493452072144 140.98226838861686
59.56436228752136 140.13208055259867
59.79861807823181 137.37903770226373
60.07011342048645 134.30189872075525
60.36415123939514 131.0267148332736
60.7134051322937 129.3213052826177
61.014551877975464 125.92458060283545
61.314818143844604 116.76472069936193
61.66421890258789 92.91393867445294
62.32450795173645 130.38404810405297
62.67034339904785 71.34423592694787
62.912370443344116 41.97618372363071
63.17568802833557 37.33630940518894
63.47001075744629 63.97655820689325
63.769482374191284 72.24956747275377
64.08812212944031 82.02438661763951
64.40400218963623 90.21086409075129
64.71560430526733 96.79876032264049
65.04376816749573 83.45058418010026
65.36791443824768 61.07372593840988
65.72084355354309 26.627053911388696
66.01374959945679 29.410882339705484
66.30490350723267 66.57326790837296
66.62032842636108 67.80117993073571
66.96441650390625 70.43436661176133
67.2440996170044 70.43436661176133
67.57283353805542 69.52697318307479
67.86944270133972 73.06161783043132
68.16755151748657 41.10960958218893
68.8209936618805 59.90826320300064
69.09101390838623 91.0494371207203
69.40628123283386 99.24716620639605
69.76541256904602 102.06860437960343
70.06383204460144 101.41498903022176
70.36029934883118 88.09086218218096
70.67899489402771 85.09406559801923
71.01288294792175 85.84287972802403
71.31187176704407 89.94442728707543
71.62329149246216 93.68030742904295
71.9995186328888 96.46242791885346
72.34905242919922 97.41663102366043
73.03308749198914 59.464274989274024
73.70481181144714 64.1248781675256
74.00007891654968 62.03224967708329
74.5622386932373 44.9221548904324
74.8430426120758 39.11521443121589
75.1160478591919 37.20215047547655
75.3974404335022 42.80186911806539
75.70439577102661 44.40720662234904
76.61124324798584 48.41487374764082
77.80488300323486 54.48853090330111
79.0702612400055 56.639209034025185
80.36928820610046 56.72741841473134
80.99906420707703 57.48912940721924
81.21392440795898 57.201398584300364
81.41570234298706 60.802960454241045
81.61112213134766 60.74537019394976
81.80377221107483 62.42595614005443
82.00734686851501 62.20128616033595
82.1947853565216 59.20304046246274
82.4162986278534 59.81638571495272
82.62722992897034 66.30987860040162
82.80686402320862 50.91168824543142
83.20890951156616 51.088159097779204
83.44553327560425 73.00684899377592
83.90618586540222 71.02816342831905
85.14000964164734 71.28113354878694
85.79381322860718 54.91812087098393
86.02391195297241 83.18653737234169
86.2734203338623 94.42986815621421
86.52334690093994 107.35455276791944
86.8019187450409 80.95677859203639
87.05014681816101 80.95677859203639
88.04447650909424 87.13208364316786
88.29232025146484 90.44335243676011
88.5290789604187 88.20430828479978
88.77735662460327 82.73451516749222
89.95242285728455 96.88137075826292
90.1880042552948 81.49233092751734
90.43209624290466 74.81310045707235
90.74891638755798 69.6419413859206
90.98876547813416 69.83552104767315
91.26270055770874 73.40980860893181
91.60057854652405 69.6419413859206
91.9353563785553 73.348483283569
92.2893476486206 84.72307831990054
92.53430485725403 89.06739021662193
92.80656003952026 101.31633629380802
93.10183787345886 106.40018796975878
93.41412806510925 89.27485648266257
93.73782706260681 75.02666192761077
94.01038241386414 71.06335201775947
94.3638527393341 73.76313442364011
94.66367793083191 77.87810988975015
94.95906829833984 81.88406438373708
95.25474214553833 80.26207074328447
95.6069130897522 61.220911460055866
95.8987488746643 48.373546489791295
96.20696139335632 55.54277630799526
96.50995063781738 62.96824596572466
97.14719367027283 52.81098370604357
97.44802689552307 24.08318915758459
97.75752258300781 20.808652046684813
98.11952638626099 34.132096331752024
98.71223711967468 49.24428900898052
99.01031351089478 45.65084884205331
99.32856726646423 44.77722635447622
99.61072325706482 45.27692569068709
99.91752815246582 43.829214001622255
100.33480262756348 46.06517122512408
100.6958601474762 45.617978911828175
101.00897359848022 43.382023926967726
101.33869409561157 34.713109915419565
101.65835499763489 33.24154027718932
101.99246096611023 44.294469180700204
102.2720046043396 46.61544808322666
102.5547559261322 47.75981574503821
102.82981276512146 57.28001396647874
103.1488573551178 47.095647357266465
103.43793439865112 51.24451190127583
103.76988434791565 58.82176467941097
104.03483581542969 24.166091947189145
104.38764357566833 8.06225774829855
104.64978218078613 32.0
104.97025418281555 50.15974481593781
105.25858664512634 46.52956049652737
105.6138219833374 47.07440918375928
105.91421818733215 39.56008088970496
106.20608234405518 38.8329756778952
106.50795030593872 35.22782990761707
106.80957198143005 37.21558813185679
107.15134358406067 42.01190307520001
107.45753359794617 38.07886552931954
107.75183296203613 31.38470965295043
108.06185913085938 26.627053911388696
108.41222167015076 30.610455730027933
108.7115306854248 32.7566787083184
109.0174560546875 32.802438933713454
109.30323553085327 32.802438933713454
109.67073655128479 33.60059523282288
109.95994663238525 30.4138126514911
110.23972630500793 24.839484696748443
