1.841902494430542 139.18692467326088
2.077303886413574 137.82960494755835
2.318264961242676 40.8166632639171
2.5574560165405273 40.24922359499622
2.790776252746582 39.35733730830886
3.0274739265441895 38.01315561749642
3.2458460330963135 43.08131845707603
3.484017848968506 62.81719509815764
3.7276339530944824 61.39218191268331
4.192046642303467 29.5296461204668
4.430089235305786 38.47076812334269
4.656740427017212 75.0
4.899335145950317 100.24470060806208
5.138154029846191 83.05419917138447
5.382769584655762 106.96261028976434
6.0774314403533936 117.99152511939153
6.3137288093566895 121.01652779682617
6.546748161315918 124.01612798341996
6.80960488319397 125.60254774486066
7.160634517669678 126.40015822774906
7.463760614395142 118.25819210524064
8.409328699111938 105.3612832116238
8.99986457824707 15.264337522473747
9.323693752288818 24.0
9.662274837493896 27.65863337187866
9.970002889633179 51.088159097779204
10.26814341545105 67.47592163134935
10.570029020309448 98.6154146165801
12.463104724884033 26.0
13.05149531364441 101.92153844992725
14.002412557601929 100.00499987500625
16.219016551971436 98.04590761474952
18.40173578262329 98.2496819333274
19.007368087768555 100.22474744293447
19.60892677307129 105.30906893520614
19.955283641815186 94.847245611035
20.260605573654175 83.2586331859946
20.560762882232666 94.59386872308374
20.856621980667114 126.43575443678897
21.194984674453735 125.14391715141412
21.551424026489258 125.19584657647394
21.925350666046143 125.67418191498204
22.154976844787598 95.04735661763561
22.428325176239014 89.45389874119518
22.759166955947876 71.06335201775947
23.05759310722351 25.179356624028344
23.350659608840942 23.53720459187964
23.686590433120728 33.95585369269929
24.00747060775757 38.897300677553446
24.338316440582275 84.09518416651456
24.670151233673096 102.45974819410792
25.01140832901001 119.40686747419514
25.362061500549316 131.67383946707105
25.728737354278564 127.88275880665071
25.9447181224823 129.75746606650424
26.516602516174316 129.86916493148019
28.849907398223877 98.812954616285
31.242528915405273 26.68332812825267
31.619527578353882 25.553864678361276
31.852521657943726 39.11521443121589
32.106810092926025 33.13608305156178
32.411009073257446 40.11234224026316
32.75373554229736 87.47571091451616
33.05720806121826 71.34423592694787
33.36557364463806 89.08984229416954
33.66298055648804 103.16006979447037
34.01318907737732 126.01983970788092
34.31460785865784 87.09190547921202
34.61203646659851 72.83543093852057
34.905418395996094 70.0
35.25490617752075 40.19950248448356
35.55264902114868 41.43669871020132
35.8588011264801 70.02856560004639
36.156174182891846 81.00617260431454
36.505666971206665 91.0823802938856
36.81370210647583 100.40418317978589
37.1056866645813 125.25573839150046
37.41498327255249 125.25573839150046
37.751262187957764 100.4987562112089
38.05834245681763 98.08159868191383
38.350290298461914 125.4830665866913
38.7394745349884 126.28935030318273
51.92237997055054 105.84894897919393
52.15578031539917 106.23088063270491
52.409411907196045 106.23088063270491
52.688987255096436 105.47511554864494
53.05749320983887 105.47511554864494
54.720606565475464 72.06247289678588
54.96475696563721 65.06919393998976
55.20800471305847 54.405882034941776
55.556681871414185 81.78630692236935
55.85500407218933 98.32598842625484
56.15894937515259 125.14391715141412
56.49227833747864 125.4830665866913
56.82771635055542 126.75172582651489
57.17446851730347 132.85330255586422
57.52431273460388 137.08391590555036
57.75454807281494 144.00347218036097
58.009689807891846 147.35331689514152
59.617412090301514 72.44308110509934
59.95857048034668 69.02897942168927
60.23472476005554 68.00735254367721
60.60385799407959 79.1580697086532
60.945594787597656 79.1012010022604
61.30150556564331 46.09772228646444
61.542962074279785 33.52610922848042
61.76803922653198 15.132745950421556
62.11176323890686 22.561028345356956
62.407689571380615 36.87817782917155
62.70167660713196 16.76305461424021
63.011101722717285 28.30194339616981
63.33412265777588 26.570660511172846
63.65678668022156 18.24828759089466
63.94916820526123 20.396078054371138
64.24828362464905 21.18962010041709
