1.7117345333099365 94.79451460923254
1.898129940032959 97.74456506629922
2.0940539836883545 100.56838469419701
2.2864763736724854 117.44360348695028
2.4894442558288574 101.11874208078342
2.685533046722412 94.79451460923254
2.8730499744415283 99.00505037623081
3.083536386489868 105.55093557141026
3.277684450149536 105.38026380684383
3.519160747528076 106.07544484940895
3.7628021240234375 105.3612832116238
4.0010857582092285 104.65180361560904
4.245936870574951 106.07544484940895
4.488622426986694 105.3612832116238
4.743407964706421 119.33147112141039
5.012542247772217 113.45483682946268
5.311146974563599 91.0494371207203
5.652371406555176 87.36704184073076
5.9524455070495605 92.65527507918802
6.252821683883667 77.07788269017254
6.554144382476807 78.77182237323191
6.911940574645996 66.12866246946176
7.198405742645264 72.44998274671983
7.511414051055908 69.07966415668217
7.8046555519104 62.76941930590086
8.161721229553223 64.6297145282261
8.447405815124512 75.61084578286372
8.754292488098145 83.93449827097318
9.059314012527466 88.76936408468859
9.412177801132202 98.2344135219425
9.711472988128662 99.62429422585637
10.009561538696289 101.24228365658294
11.26312518119812 99.46356116689167
11.555291414260864 94.53041838477179
12.203988313674927 82.0
12.510797023773193 71.58910531638176
12.808888673782349 69.28924880528002
13.11143183708191 65.39113089708727
13.45611047744751 69.6419413859206
13.762900352478027 65.62011886609167
14.053975582122803 66.37017402418047
14.356929302215576 66.06814663663572
14.703180313110352 74.10802925459562
15.307157516479492 99.82484660644363
16.26693296432495 86.83317338436964
16.856415271759033 72.09022125087424
17.199719190597534 61.09828148156051
17.50719714164734 50.53711507397311
17.79231357574463 56.08029957123981
18.11724019050598 58.60034129593445
18.438606023788452 61.07372593840988
18.710214376449585 77.15568676384133
19.01049542427063 86.55634003352961
19.321544647216797 94.02127418834527
19.701932668685913 100.89598604503551
20.00140929222107 112.29425630903836
20.37148666381836 112.44554237496477
20.728020906448364 120.10412149464314
21.032954692840576 103.40696301506973
21.399691104888916 92.00543462209176
21.64320206642151 83.40863264674707
21.894174098968506 75.66372975210778
22.21097421646118 56.79788728465171
22.505269289016724 44.27188724235731
22.809351682662964 47.41307836451879
23.095103979110718 48.25971404805462
23.433255434036255 53.150729063673246
23.744960069656372 48.30113870293329
24.091892957687378 58.180752831155424
24.43388056755066 65.0
24.779930114746094 56.515484603779164
25.120722770690918 54.3323108288245
25.36389708518982 52.0
25.612194776535034 53.23532661682466
25.8888156414032 52.46903848937962
26.25536274909973 46.17358552246078
27.55623507499695 39.6232255123179
28.796964645385742 31.04834939252005
30.03333878517151 25.632011235952593
31.283754110336304 22.02271554554524
32.47665047645569 19.1049731745428
33.6787223815918 17.46424919657298
34.91266322135925 22.20360331117452
36.43648147583008 24.73863375370596
37.67869782447815 27.730849247724095
38.93299698829651 29.546573405388315
