4.253196954727173 34.48187929913333
4.455353498458862 34.132096331752024
4.655400514602661 34.40930106817051
4.8325276374816895 31.240998703626616
5.021910667419434 29.0
5.470430850982666 21.18962010041709
7.12790060043335 21.587033144922902
7.376739025115967 27.586228448267445
7.55207896232605 43.46262762420146
7.751431941986084 45.880278987817846
7.937839984893799 45.880278987817846
8.128543853759766 51.24451190127583
15.984821557998657 74.14849964766651
16.341361045837402 74.81310045707235
17.889233827590942 64.4980619863884
18.192503452301025 59.413803110051795
18.498234748840332 51.088159097779204
18.856179237365723 35.35533905932738
19.143175840377808 25.317977802344327
19.436412572860718 29.154759474226502
19.789403676986694 31.400636936215164
20.14812135696411 44.553338819890925
20.507724285125732 57.0350769263968
20.727807998657227 67.89698078707183
20.94539165496826 85.0235261559999
21.24877095222473 96.0
21.588135957717896 97.082439194738
31.012960195541382 31.906112267087632
31.293352127075195 43.840620433565945
31.884780883789062 58.60034129593445
32.490097999572754 46.52956049652737
32.77419567108154 52.08646657242167
33.072577714920044 64.13267497929586
33.37499928474426 68.81860213634101
35.120577812194824 91.26883367283708
35.369319438934326 92.77930803794561
35.976966381073 100.88111815399351
36.28691482543945 100.88111815399351
36.582510471343994 97.29337079164233
36.9419162273407 114.5294721894762
37.23182487487793 117.64352935882194
37.52786946296692 123.36936410632909
38.19143605232239 108.2266141020775
38.48642110824585 117.88553770501282
38.792081356048584 130.64838307457157
39.058709144592285 137.05838172107534
57.81362843513489 66.18912297349165
96.58545970916748 93.23089616645332
96.81761169433594 93.23089616645332
116.89415240287781 72.89718787443039
117.50977849960327 82.37718130647589
