0.4965248107910156 74.94664769020693
1.0002617835998535 74.94664769020693
1.238887071609497 74.43117626371358
1.493332862854004 76.8505042273634
1.8179638385772705 74.43117626371358
2.055421829223633 75.47184905645283
2.325728416442871 72.20110802473879
2.6043684482574463 74.43117626371358
2.913215160369873 76.55063683601855
3.2479724884033203 78.2368199762746
3.6266143321990967 77.46612162745726
3.9639549255371094 80.8084154033477
4.207254409790039 84.1486779456457
4.488631963729858 85.63293758829018
4.804121494293213 91.21403400793103
5.114452838897705 99.36297097007517
5.419865608215332 93.94147114027967
5.755750417709351 95.70788891204319
6.053843259811401 92.35799911215054
6.418554306030273 93.47726996441435
6.769205808639526 89.87213138676528
7.094109296798706 93.23625904121208
7.4391138553619385 95.90099061010788
7.680803060531616 87.04596486914255
7.9416584968566895 82.3286098510111
8.248838186264038 78.2368199762746
8.540993213653564 76.94153624668537
8.860069990158081 72.2357252334328
9.166138648986816 92.35799911215054
9.803730010986328 71.0
10.394870042800903 70.83078426785913
10.74579644203186 72.44998274671983
11.047209978103638 85.23496934944014
11.344578266143799 80.62257748298549
11.639534711837769 76.55063683601855
11.943548202514648 65.7875368135941
12.298687219619751 62.0966987850401
12.592267751693726 57.0087712549569
12.898998260498047 60.03332407921454
13.197783708572388 61.40032573203501
13.552982330322266 62.93647591023825
13.850962162017822 63.28506932918696
14.137379169464111 66.007575322837
14.454328775405884 62.369864518050704
14.804133892059326 76.23647421018367
15.09582781791687 76.02631123499285
15.39600658416748 74.33034373659252
15.707599639892578 78.16009211867653
16.05208134651184 80.39900496896712
16.352882146835327 83.48652585896721
16.641559600830078 83.18653737234169
16.950193881988525 91.59148432032315
17.33501124382019 92.89241088485109
17.898674488067627 86.83317338436964
18.843141794204712 84.0535543567314
19.141717195510864 80.91971329657564
19.443209171295166 87.65842800324451
19.79704785346985 94.26027795418386
20.102241277694702 96.33275663033837
20.395146369934082 89.87213138676528
20.687539100646973 91.96738552334735
21.048166751861572 96.20810776644555
21.34576964378357 99.20181449953424
21.64651846885681 104.04326023342406
22.05171275138855 109.40292500660117
22.34412407875061 108.2266141020775
22.63954758644104 104.84750831564858
22.962099075317383 79.81227975693966
23.288980722427368 64.62197768561404
23.59817886352539 75.8946638440411
23.896430015563965 71.7007670809734
24.1934335231781 67.26812023536856
24.552854537963867 62.297672508690084
24.84532642364502 59.07622195096772
25.13114333152771 62.20128616033595
25.44681668281555 54.56189146281496
25.75532341003418 52.80151512977634
26.093064069747925 48.02082881417188
26.390726804733276 48.76474136094644
26.717148542404175 47.41307836451879
26.984028577804565 45.65084884205331
28.34235715866089 40.24922359499622
29.587878704071045 36.05551275463989
30.830564260482788 31.38470965295043
32.078819036483765 24.596747752497688
33.35636067390442 20.615528128088304
34.591315507888794 16.492422502470642
35.83398461341858 8.54400374531753
37.035605907440186 7.211102550927978
38.28612017631531 9.0
39.52443742752075 13.92838827718412
40.88433885574341 11.180339887498949
42.117905139923096 11.704699910719626
43.368035078048706 17.029386365926403
44.61362385749817 10.63014581273465
45.81358313560486 8.94427190999916
47.05147743225098 10.0
48.298593521118164 19.72308292331602
49.53258752822876 19.72308292331602
50.784520387649536 20.591260281974
52.02226233482361 19.209372712298546
